0.000000	0.000000	0.000000	0.000000	0.000000	0.000000	0.000000	0.000000	0.000000	0.000000	0.000000	0.000000	0.000000	0.000000	0.000000	0.000000	0.000000	0.000000	0.000000	0.000000	0.000000	0.000000	1.000000	0.000000	0.000000
0.000000	0.000000	0.000000	0.000000	0.000000	0.000000	0.000000	0.000000	0.000000	0.000000	0.000000	0.000000	0.000000	0.000000	0.000000	0.000000	0.000000	0.000000	0.000000	0.000000	0.000000	0.879019	0.023835	0.097146	0.000000
0.417628368	0.156920075	0.190626503	0.048916296	0.185908758	0.01441198	0.229490813	0.127310203	0.485009836	0.143777167	0.002935421	0.000133451	0.004985955	0.059114931	0.932830241	0.039300694	0.095965032	0.171752967	0.025851461	0.667129847	0.387448427	0.253514253	0.237027032	0.122010287	0
0.417628368	0.156920075	0.190626503	0.048916296	0.185908758	0.01441198	0.229490813	0.127310203	0.485009836	0.143777167	0.002935421	0.000133451	0.004985955	0.059114931	0.932830241	0.039300694	0.095965032	0.171752967	0.025851461	0.667129847	0.387448427	0.253514253	0.237027032	0.122010287	0
0.000000	0.000000	0.000000	0.000000	0.000000	0.000000	0.000000	0.000000	0.000000	0.000000	0.000000	0.000000	0.000000	0.000000	0.000000	0.000000	0.000000	0.000000	0.000000	0.000000	0.000000	1.000000	0.000000	0.000000	0.000000
0.417628368	0.156920075	0.190626503	0.048916296	0.185908758	0.01441198	0.229490813	0.127310203	0.485009836	0.143777167	0.002935421	0.000133451	0.004985955	0.059114931	0.932830241	0.039300694	0.095965032	0.171752967	0.025851461	0.667129847	0.387448427	0.253514253	0.237027032	0.122010287	0
0.000000	1.000000	0.000000	0.000000	0.000000	0.080843	0.000000	0.224155	0.695002	0.000000	0.000000	0.000000	0.000000	0.000000	0.000000	0.000000	0.000000	1.000000	0.000000	0.000000	0.000000	0.019914	0.938062	0.042024	0.000000
0.000000	0.000000	0.000000	0.000000	0.000000	0.000000	0.000000	0.000000	0.000000	0.000000	0.000000	0.000000	0.000000	0.000000	0.000000	0.000000	0.000000	0.000000	0.000000	0.000000	0.000000	0.000000	0.000000	1.000000	0.000000
0.000000	0.000000	0.000000	0.000000	0.000000	0.000000	0.000000	0.000000	0.000000	0.000000	0.000000	0.000000	0.000000	0.000000	0.000000	0.000000	0.000000	0.000000	0.000000	0.000000	0.000000	0.785270	0.128832	0.085899	0.000000
0.000000	0.000000	0.000000	0.000000	0.000000	0.000000	0.000000	0.000000	0.000000	1.000000	0.000000	0.000000	0.000000	0.000000	0.000000	0.000000	0.000000	0.000000	0.000000	0.000000	0.000000	0.174098	0.598587	0.227315	0.000000
0.417628368	0.156920075	0.190626503	0.048916296	0.185908758	0.01441198	0.229490813	0.127310203	0.485009836	0.143777167	0.002935421	0.000133451	0.004985955	0.059114931	0.932830241	0.039300694	0.095965032	0.171752967	0.025851461	0.667129847	0.387448427	0.253514253	0.237027032	0.122010287	0
0.417628368	0.156920075	0.190626503	0.048916296	0.185908758	0.01441198	0.229490813	0.127310203	0.485009836	0.143777167	0.002935421	0.000133451	0.004985955	0.059114931	0.932830241	0.039300694	0.095965032	0.171752967	0.025851461	0.667129847	0.387448427	0.253514253	0.237027032	0.122010287	0
0.000000	0.000000	0.000000	0.000000	0.000000	0.000000	0.000000	0.000000	0.000000	0.000000	0.000000	0.000000	0.000000	0.000000	0.000000	0.000000	0.000000	0.000000	0.000000	0.000000	0.000000	0.000000	0.000000	1.000000	0.000000
0.417628368	0.156920075	0.190626503	0.048916296	0.185908758	0.01441198	0.229490813	0.127310203	0.485009836	0.143777167	0.002935421	0.000133451	0.004985955	0.059114931	0.932830241	0.039300694	0.095965032	0.171752967	0.025851461	0.667129847	0.387448427	0.253514253	0.237027032	0.122010287	0
0.000000	0.000000	0.000000	0.000000	0.000000	0.000000	0.000000	0.000000	0.000000	0.000000	0.000000	0.000000	0.000000	0.000000	0.000000	0.000000	0.000000	0.000000	0.000000	0.000000	0.000000	0.000000	0.045477	0.954523	0.000000
0.417628368	0.156920075	0.190626503	0.048916296	0.185908758	0.01441198	0.229490813	0.127310203	0.485009836	0.143777167	0.002935421	0.000133451	0.004985955	0.059114931	0.932830241	0.039300694	0.095965032	0.171752967	0.025851461	0.667129847	0.387448427	0.253514253	0.237027032	0.122010287	0
0.000000	0.000000	0.000000	0.000000	0.000000	0.000000	0.991662	0.000000	0.008338	0.000000	0.000000	0.000000	0.000000	0.000000	0.000000	0.000000	0.000000	0.000000	0.000000	0.000000	0.000000	0.000000	0.808540	0.191460	0.000000
0.000000	0.000000	0.000000	0.000000	0.000000	0.000000	0.000000	0.000000	0.000000	0.000000	0.000000	0.000000	0.000000	0.000000	0.000000	0.000000	0.000000	0.000000	0.000000	0.000000	0.000000	0.000000	0.468603	0.531397	0.000000
0.000000	0.000000	0.000000	0.000000	0.000000	0.000000	0.000000	0.000000	1.000000	0.000000	0.000000	0.000000	0.000000	0.000000	0.000000	0.000000	0.000000	0.000000	0.000000	0.000000	0.000000	0.310347	0.374436	0.315217	0.000000
0.417628368	0.156920075	0.190626503	0.048916296	0.185908758	0.01441198	0.229490813	0.127310203	0.485009836	0.143777167	0.002935421	0.000133451	0.004985955	0.059114931	0.932830241	0.039300694	0.095965032	0.171752967	0.025851461	0.667129847	0.387448427	0.253514253	0.237027032	0.122010287	0
0.000000	0.000000	0.000000	0.000000	0.000000	0.000000	0.000000	0.000000	0.000000	0.000000	0.000000	0.000000	0.000000	0.000000	0.000000	0.000000	0.000000	0.000000	0.000000	0.000000	0.000000	0.000000	0.777553	0.222447	0.000000
0.000000	0.072408	0.927592	0.000000	0.000000	0.000000	0.000000	0.000000	1.000000	0.000000	0.000000	0.000000	0.000000	0.000000	0.000000	0.000000	0.000000	0.000000	0.000000	0.000000	0.461206	0.003306	0.331749	0.203740	0.000000
0.000000	0.000000	0.000000	0.000000	0.000000	0.000000	0.000000	0.000000	0.000000	0.000000	0.000000	0.000000	0.000000	0.000000	0.000000	0.000000	0.000000	0.000000	0.000000	0.000000	0.000000	0.000000	0.000000	1.000000	0.000000
0.000000	0.000000	0.000000	0.000000	0.000000	0.000000	0.000000	0.000000	0.000000	0.000000	0.000000	0.000000	0.000000	0.000000	0.000000	0.000000	0.000000	0.000000	0.000000	0.000000	0.000000	0.000000	0.983389	0.016611	0.000000
0.000000	0.000000	1.000000	0.000000	0.000000	0.000000	0.000022	0.000000	0.475422	0.524555	0.000000	0.000000	0.000000	0.000000	0.000000	0.000000	0.000000	0.000000	0.000000	0.000000	0.000000	0.099867	0.402695	0.497438	0.000000
0.000000	0.909135	0.090865	0.000000	0.000000	0.000000	0.000000	0.000000	0.000000	0.000000	0.000000	0.000000	0.000000	0.000000	0.000000	0.000000	0.000000	0.000000	0.000000	0.000000	0.099647	0.334454	0.363587	0.202312	0.000000
0.000000	0.000000	0.000000	0.000000	0.000000	0.000000	0.000000	0.000000	0.000000	0.000000	0.000000	0.000000	0.000000	0.000000	0.000000	0.000000	0.000000	0.000000	0.000000	0.000000	0.000000	0.000000	0.000000	1.000000	0.000000
0.417628368	0.156920075	0.190626503	0.048916296	0.185908758	0.01441198	0.229490813	0.127310203	0.485009836	0.143777167	0.002935421	0.000133451	0.004985955	0.059114931	0.932830241	0.039300694	0.095965032	0.171752967	0.025851461	0.667129847	0.387448427	0.253514253	0.237027032	0.122010287	0
0.417628368	0.156920075	0.190626503	0.048916296	0.185908758	0.01441198	0.229490813	0.127310203	0.485009836	0.143777167	0.002935421	0.000133451	0.004985955	0.059114931	0.932830241	0.039300694	0.095965032	0.171752967	0.025851461	0.667129847	0.387448427	0.253514253	0.237027032	0.122010287	0
0.000000	0.000000	0.000000	0.000000	0.000000	0.000000	0.000000	0.000000	0.803045	0.196955	0.000000	0.000000	0.000000	0.000000	0.000000	0.000000	0.000000	0.000000	0.000000	0.000000	0.000000	0.361713	0.113691	0.524596	0.000000
0.417628368	0.156920075	0.190626503	0.048916296	0.185908758	0.01441198	0.229490813	0.127310203	0.485009836	0.143777167	0.002935421	0.000133451	0.004985955	0.059114931	0.932830241	0.039300694	0.095965032	0.171752967	0.025851461	0.667129847	0.387448427	0.253514253	0.237027032	0.122010287	0
0.417628368	0.156920075	0.190626503	0.048916296	0.185908758	0.01441198	0.229490813	0.127310203	0.485009836	0.143777167	0.002935421	0.000133451	0.004985955	0.059114931	0.932830241	0.039300694	0.095965032	0.171752967	0.025851461	0.667129847	0.387448427	0.253514253	0.237027032	0.122010287	0
0.000000	0.255768	0.744232	0.000000	0.000000	0.000000	0.341175	0.000000	0.578069	0.080756	0.000000	0.000000	0.000000	0.000000	0.000000	0.000000	0.000000	0.000000	0.000000	0.000000	0.000000	0.000000	0.912832	0.087168	0.000000
0.000000	0.000000	0.000000	0.000000	0.000000	0.000000	0.000000	0.000000	0.000000	0.000000	0.000000	0.000000	0.000000	0.000000	0.000000	0.000000	0.000000	0.000000	0.000000	0.000000	0.000000	0.000000	0.000000	1.000000	0.000000
0.000000	0.000000	0.000000	0.000000	0.000000	0.000000	0.000000	0.000000	0.000000	0.000000	0.000000	0.000000	0.000000	0.000000	0.000000	0.000000	0.000000	1.000000	0.000000	0.000000	0.000000	0.000000	0.801841	0.198159	0.000000
0.417628368	0.156920075	0.190626503	0.048916296	0.185908758	0.01441198	0.229490813	0.127310203	0.485009836	0.143777167	0.002935421	0.000133451	0.004985955	0.059114931	0.932830241	0.039300694	0.095965032	0.171752967	0.025851461	0.667129847	0.387448427	0.253514253	0.237027032	0.122010287	0
0.000000	0.000000	0.000000	0.000000	0.000000	0.000000	0.000000	0.099660	0.900340	0.000000	0.000000	0.000000	0.000000	0.000000	0.000000	0.000000	0.000000	0.000000	0.000000	0.000000	0.000000	0.000000	0.692817	0.307183	0.000000
0.000000	0.000000	0.937504	0.062496	0.000000	0.000000	0.199546	0.204514	0.595940	0.000000	0.000000	0.000000	0.000000	0.000000	0.000000	0.000000	0.000000	0.000000	0.000000	0.000000	0.000000	0.000000	0.315260	0.684740	0.000000
0.000000	0.455418	0.441659	0.102923	0.000000	0.000000	0.061894	0.256401	0.658780	0.022925	0.000000	0.000000	0.000000	0.000000	1.000000	0.000315	0.000669	0.023921	0.008795	0.966300	0.307863	0.274891	0.302027	0.115220	0.000000
0.284806	0.336635	0.378559	0.000000	0.000000	0.013625	0.113314	0.039153	0.814020	0.019887	0.000000	0.000000	0.000000	0.000000	0.000000	0.004769	0.545027	0.157098	0.000000	0.293105	0.026659	0.118393	0.647554	0.207395	0.000000
0.000000	0.000000	0.481174	0.518826	0.000000	0.000000	0.000000	0.536429	0.463571	0.000000	0.000000	0.000000	0.000000	0.000000	0.000000	0.000000	0.000000	0.000000	0.000000	0.000000	0.000000	0.000000	0.954859	0.045141	0.000000
0.000000	0.000000	1.000000	0.000000	0.000000	0.000000	0.000000	0.716438	0.283562	0.000000	0.000000	0.000000	0.000000	0.000000	0.000000	0.000000	1.000000	0.000000	0.000000	0.000000	0.000000	0.096311	0.903689	0.000000	0.000000
0.000000	0.088530	0.911470	0.000000	0.000000	0.000000	0.748156	0.000000	0.251844	0.000000	0.000000	0.000000	0.000000	0.000000	0.000000	0.000000	1.000000	0.000000	0.000000	0.000000	0.000000	0.937031	0.000000	0.062969	0.000000
0.417628368	0.156920075	0.190626503	0.048916296	0.185908758	0.01441198	0.229490813	0.127310203	0.485009836	0.143777167	0.002935421	0.000133451	0.004985955	0.059114931	0.932830241	0.039300694	0.095965032	0.171752967	0.025851461	0.667129847	0.387448427	0.253514253	0.237027032	0.122010287	0
0.417628368	0.156920075	0.190626503	0.048916296	0.185908758	0.01441198	0.229490813	0.127310203	0.485009836	0.143777167	0.002935421	0.000133451	0.004985955	0.059114931	0.932830241	0.039300694	0.095965032	0.171752967	0.025851461	0.667129847	0.387448427	0.253514253	0.237027032	0.122010287	0
0.000000	0.000000	0.000000	0.000000	0.000000	0.000000	0.000000	0.788336	0.162323	0.049342	0.000000	0.000000	0.000000	0.000000	0.000000	0.000000	0.211824	0.788176	0.000000	0.000000	0.000000	0.000000	0.345040	0.654960	0.000000
0.417628368	0.156920075	0.190626503	0.048916296	0.185908758	0.01441198	0.229490813	0.127310203	0.485009836	0.143777167	0.002935421	0.000133451	0.004985955	0.059114931	0.932830241	0.039300694	0.095965032	0.171752967	0.025851461	0.667129847	0.387448427	0.253514253	0.237027032	0.122010287	0
0.417628368	0.156920075	0.190626503	0.048916296	0.185908758	0.01441198	0.229490813	0.127310203	0.485009836	0.143777167	0.002935421	0.000133451	0.004985955	0.059114931	0.932830241	0.039300694	0.095965032	0.171752967	0.025851461	0.667129847	0.387448427	0.253514253	0.237027032	0.122010287	0
0.000000	0.000000	0.000000	0.000000	0.000000	0.000000	0.000000	0.000000	1.000000	0.000000	0.000000	0.000000	0.000000	0.000000	0.000000	0.000000	1.000000	0.000000	0.000000	0.000000	0.000000	0.000000	1.000000	0.000000	0.000000
0.000000	0.000000	0.000000	0.000000	0.000000	0.000000	0.000000	0.000000	0.000000	0.000000	0.000000	0.000000	0.000000	0.000000	0.000000	0.000000	1.000000	0.000000	0.000000	0.000000	0.000000	0.000000	1.000000	0.000000	0.000000
0.000000	0.000000	0.000000	0.000000	0.000000	0.000000	0.000000	0.000000	0.000000	0.000000	0.000000	0.000000	0.000000	0.000000	0.000000	0.000000	0.000000	0.000000	0.000000	0.000000	0.000000	0.000000	1.000000	0.000000	0.000000
0.417628368	0.156920075	0.190626503	0.048916296	0.185908758	0.01441198	0.229490813	0.127310203	0.485009836	0.143777167	0.002935421	0.000133451	0.004985955	0.059114931	0.932830241	0.039300694	0.095965032	0.171752967	0.025851461	0.667129847	0.387448427	0.253514253	0.237027032	0.122010287	0
0.417628368	0.156920075	0.190626503	0.048916296	0.185908758	0.01441198	0.229490813	0.127310203	0.485009836	0.143777167	0.002935421	0.000133451	0.004985955	0.059114931	0.932830241	0.039300694	0.095965032	0.171752967	0.025851461	0.667129847	0.387448427	0.253514253	0.237027032	0.122010287	0
0.417628368	0.156920075	0.190626503	0.048916296	0.185908758	0.01441198	0.229490813	0.127310203	0.485009836	0.143777167	0.002935421	0.000133451	0.004985955	0.059114931	0.932830241	0.039300694	0.095965032	0.171752967	0.025851461	0.667129847	0.387448427	0.253514253	0.237027032	0.122010287	0
0.417628368	0.156920075	0.190626503	0.048916296	0.185908758	0.01441198	0.229490813	0.127310203	0.485009836	0.143777167	0.002935421	0.000133451	0.004985955	0.059114931	0.932830241	0.039300694	0.095965032	0.171752967	0.025851461	0.667129847	0.387448427	0.253514253	0.237027032	0.122010287	0
0.417628368	0.156920075	0.190626503	0.048916296	0.185908758	0.01441198	0.229490813	0.127310203	0.485009836	0.143777167	0.002935421	0.000133451	0.004985955	0.059114931	0.932830241	0.039300694	0.095965032	0.171752967	0.025851461	0.667129847	0.387448427	0.253514253	0.237027032	0.122010287	0
0.417628368	0.156920075	0.190626503	0.048916296	0.185908758	0.01441198	0.229490813	0.127310203	0.485009836	0.143777167	0.002935421	0.000133451	0.004985955	0.059114931	0.932830241	0.039300694	0.095965032	0.171752967	0.025851461	0.667129847	0.387448427	0.253514253	0.237027032	0.122010287	0
0.417628368	0.156920075	0.190626503	0.048916296	0.185908758	0.01441198	0.229490813	0.127310203	0.485009836	0.143777167	0.002935421	0.000133451	0.004985955	0.059114931	0.932830241	0.039300694	0.095965032	0.171752967	0.025851461	0.667129847	0.387448427	0.253514253	0.237027032	0.122010287	0
0.417628368	0.156920075	0.190626503	0.048916296	0.185908758	0.01441198	0.229490813	0.127310203	0.485009836	0.143777167	0.002935421	0.000133451	0.004985955	0.059114931	0.932830241	0.039300694	0.095965032	0.171752967	0.025851461	0.667129847	0.387448427	0.253514253	0.237027032	0.122010287	0
0.417628368	0.156920075	0.190626503	0.048916296	0.185908758	0.01441198	0.229490813	0.127310203	0.485009836	0.143777167	0.002935421	0.000133451	0.004985955	0.059114931	0.932830241	0.039300694	0.095965032	0.171752967	0.025851461	0.667129847	0.387448427	0.253514253	0.237027032	0.122010287	0
0.417628368	0.156920075	0.190626503	0.048916296	0.185908758	0.01441198	0.229490813	0.127310203	0.485009836	0.143777167	0.002935421	0.000133451	0.004985955	0.059114931	0.932830241	0.039300694	0.095965032	0.171752967	0.025851461	0.667129847	0.387448427	0.253514253	0.237027032	0.122010287	0
0.417628368	0.156920075	0.190626503	0.048916296	0.185908758	0.01441198	0.229490813	0.127310203	0.485009836	0.143777167	0.002935421	0.000133451	0.004985955	0.059114931	0.932830241	0.039300694	0.095965032	0.171752967	0.025851461	0.667129847	0.387448427	0.253514253	0.237027032	0.122010287	0
0.417628368	0.156920075	0.190626503	0.048916296	0.185908758	0.01441198	0.229490813	0.127310203	0.485009836	0.143777167	0.002935421	0.000133451	0.004985955	0.059114931	0.932830241	0.039300694	0.095965032	0.171752967	0.025851461	0.667129847	0.387448427	0.253514253	0.237027032	0.122010287	0
0.417628368	0.156920075	0.190626503	0.048916296	0.185908758	0.01441198	0.229490813	0.127310203	0.485009836	0.143777167	0.002935421	0.000133451	0.004985955	0.059114931	0.932830241	0.039300694	0.095965032	0.171752967	0.025851461	0.667129847	0.387448427	0.253514253	0.237027032	0.122010287	0
0.417628368	0.156920075	0.190626503	0.048916296	0.185908758	0.01441198	0.229490813	0.127310203	0.485009836	0.143777167	0.002935421	0.000133451	0.004985955	0.059114931	0.932830241	0.039300694	0.095965032	0.171752967	0.025851461	0.667129847	0.387448427	0.253514253	0.237027032	0.122010287	0
0.417628368	0.156920075	0.190626503	0.048916296	0.185908758	0.01441198	0.229490813	0.127310203	0.485009836	0.143777167	0.002935421	0.000133451	0.004985955	0.059114931	0.932830241	0.039300694	0.095965032	0.171752967	0.025851461	0.667129847	0.387448427	0.253514253	0.237027032	0.122010287	0
0.417628368	0.156920075	0.190626503	0.048916296	0.185908758	0.01441198	0.229490813	0.127310203	0.485009836	0.143777167	0.002935421	0.000133451	0.004985955	0.059114931	0.932830241	0.039300694	0.095965032	0.171752967	0.025851461	0.667129847	0.387448427	0.253514253	0.237027032	0.122010287	0
0.417628368	0.156920075	0.190626503	0.048916296	0.185908758	0.01441198	0.229490813	0.127310203	0.485009836	0.143777167	0.002935421	0.000133451	0.004985955	0.059114931	0.932830241	0.039300694	0.095965032	0.171752967	0.025851461	0.667129847	0.387448427	0.253514253	0.237027032	0.122010287	0
0.000000	0.000000	0.000000	0.000000	0.000000	0.000000	0.000000	0.000000	0.000000	0.000000	0.000000	0.000000	0.000000	0.000000	0.000000	0.000000	0.000000	0.000000	0.000000	0.000000	0.000000	0.000000	1.000000	0.000000	0.000000
0.000000	0.296258	0.649155	0.054588	0.000000	0.000000	0.115292	0.263735	0.620962	0.000011	0.000000	0.000000	0.000000	0.000000	0.000000	0.000000	0.000000	0.000000	0.000000	0.000000	0.000000	0.093626	0.705472	0.200902	0.000000
0.417628368	0.156920075	0.190626503	0.048916296	0.185908758	0.01441198	0.229490813	0.127310203	0.485009836	0.143777167	0.002935421	0.000133451	0.004985955	0.059114931	0.932830241	0.039300694	0.095965032	0.171752967	0.025851461	0.667129847	0.387448427	0.253514253	0.237027032	0.122010287	0
0.000000	0.000000	0.000000	0.000000	0.000000	0.000000	0.902113	0.000000	0.097887	0.000000	0.000000	0.000000	0.000000	0.000000	0.000000	0.000000	0.000000	0.000000	0.000000	0.000000	0.000000	0.000000	0.000000	0.000000	0.000000
0.417628368	0.156920075	0.190626503	0.048916296	0.185908758	0.01441198	0.229490813	0.127310203	0.485009836	0.143777167	0.002935421	0.000133451	0.004985955	0.059114931	0.932830241	0.039300694	0.095965032	0.171752967	0.025851461	0.667129847	0.387448427	0.253514253	0.237027032	0.122010287	0
0.417628368	0.156920075	0.190626503	0.048916296	0.185908758	0.01441198	0.229490813	0.127310203	0.485009836	0.143777167	0.002935421	0.000133451	0.004985955	0.059114931	0.932830241	0.039300694	0.095965032	0.171752967	0.025851461	0.667129847	0.387448427	0.253514253	0.237027032	0.122010287	0
0.417628368	0.156920075	0.190626503	0.048916296	0.185908758	0.01441198	0.229490813	0.127310203	0.485009836	0.143777167	0.002935421	0.000133451	0.004985955	0.059114931	0.932830241	0.039300694	0.095965032	0.171752967	0.025851461	0.667129847	0.387448427	0.253514253	0.237027032	0.122010287	0
0.417628368	0.156920075	0.190626503	0.048916296	0.185908758	0.01441198	0.229490813	0.127310203	0.485009836	0.143777167	0.002935421	0.000133451	0.004985955	0.059114931	0.932830241	0.039300694	0.095965032	0.171752967	0.025851461	0.667129847	0.387448427	0.253514253	0.237027032	0.122010287	0
0.417628368	0.156920075	0.190626503	0.048916296	0.185908758	0.01441198	0.229490813	0.127310203	0.485009836	0.143777167	0.002935421	0.000133451	0.004985955	0.059114931	0.932830241	0.039300694	0.095965032	0.171752967	0.025851461	0.667129847	0.387448427	0.253514253	0.237027032	0.122010287	0
0.417628368	0.156920075	0.190626503	0.048916296	0.185908758	0.01441198	0.229490813	0.127310203	0.485009836	0.143777167	0.002935421	0.000133451	0.004985955	0.059114931	0.932830241	0.039300694	0.095965032	0.171752967	0.025851461	0.667129847	0.387448427	0.253514253	0.237027032	0.122010287	0
0.000000	0.000000	0.000000	0.000000	0.000000	0.000000	0.000000	0.000000	1.000000	0.000000	0.000000	0.000000	0.000000	0.000000	0.000000	0.000000	0.000000	0.000000	0.000000	0.000000	0.000000	0.000000	1.000000	0.000000	0.000000
0.417628368	0.156920075	0.190626503	0.048916296	0.185908758	0.01441198	0.229490813	0.127310203	0.485009836	0.143777167	0.002935421	0.000133451	0.004985955	0.059114931	0.932830241	0.039300694	0.095965032	0.171752967	0.025851461	0.667129847	0.387448427	0.253514253	0.237027032	0.122010287	0
0.417628368	0.156920075	0.190626503	0.048916296	0.185908758	0.01441198	0.229490813	0.127310203	0.485009836	0.143777167	0.002935421	0.000133451	0.004985955	0.059114931	0.932830241	0.039300694	0.095965032	0.171752967	0.025851461	0.667129847	0.387448427	0.253514253	0.237027032	0.122010287	0
0.000000	1.000000	0.000000	0.000000	0.000000	0.719401	0.000000	0.000000	0.276654	0.003945	0.000000	0.000000	0.000000	0.000000	0.000000	0.000000	0.000000	0.000000	0.000000	0.000000	0.000000	0.000000	0.000000	0.000000	0.000000
0.000000	0.000000	0.000000	1.000000	0.000000	0.000000	0.000000	0.000000	0.000000	0.000000	0.000000	0.000000	0.000000	0.000000	0.000000	0.000000	0.000000	0.000000	0.000000	0.000000	0.000000	0.000000	0.840689	0.159311	0.000000
0.417628368	0.156920075	0.190626503	0.048916296	0.185908758	0.01441198	0.229490813	0.127310203	0.485009836	0.143777167	0.002935421	0.000133451	0.004985955	0.059114931	0.932830241	0.039300694	0.095965032	0.171752967	0.025851461	0.667129847	0.387448427	0.253514253	0.237027032	0.122010287	0
0.417628368	0.156920075	0.190626503	0.048916296	0.185908758	0.01441198	0.229490813	0.127310203	0.485009836	0.143777167	0.002935421	0.000133451	0.004985955	0.059114931	0.932830241	0.039300694	0.095965032	0.171752967	0.025851461	0.667129847	0.387448427	0.253514253	0.237027032	0.122010287	0
0.417628368	0.156920075	0.190626503	0.048916296	0.185908758	0.01441198	0.229490813	0.127310203	0.485009836	0.143777167	0.002935421	0.000133451	0.004985955	0.059114931	0.932830241	0.039300694	0.095965032	0.171752967	0.025851461	0.667129847	0.387448427	0.253514253	0.237027032	0.122010287	0
0.417628368	0.156920075	0.190626503	0.048916296	0.185908758	0.01441198	0.229490813	0.127310203	0.485009836	0.143777167	0.002935421	0.000133451	0.004985955	0.059114931	0.932830241	0.039300694	0.095965032	0.171752967	0.025851461	0.667129847	0.387448427	0.253514253	0.237027032	0.122010287	0
0.417628368	0.156920075	0.190626503	0.048916296	0.185908758	0.01441198	0.229490813	0.127310203	0.485009836	0.143777167	0.002935421	0.000133451	0.004985955	0.059114931	0.932830241	0.039300694	0.095965032	0.171752967	0.025851461	0.667129847	0.387448427	0.253514253	0.237027032	0.122010287	0
0.417628368	0.156920075	0.190626503	0.048916296	0.185908758	0.01441198	0.229490813	0.127310203	0.485009836	0.143777167	0.002935421	0.000133451	0.004985955	0.059114931	0.932830241	0.039300694	0.095965032	0.171752967	0.025851461	0.667129847	0.387448427	0.253514253	0.237027032	0.122010287	0
0.417628368	0.156920075	0.190626503	0.048916296	0.185908758	0.01441198	0.229490813	0.127310203	0.485009836	0.143777167	0.002935421	0.000133451	0.004985955	0.059114931	0.932830241	0.039300694	0.095965032	0.171752967	0.025851461	0.667129847	0.387448427	0.253514253	0.237027032	0.122010287	0
0.417628368	0.156920075	0.190626503	0.048916296	0.185908758	0.01441198	0.229490813	0.127310203	0.485009836	0.143777167	0.002935421	0.000133451	0.004985955	0.059114931	0.932830241	0.039300694	0.095965032	0.171752967	0.025851461	0.667129847	0.387448427	0.253514253	0.237027032	0.122010287	0
0.000000	0.000000	0.000000	0.000000	0.000000	0.000000	0.000000	0.000000	0.000000	0.000000	0.000000	0.000000	0.000000	0.000000	0.000000	0.000000	0.000000	0.000000	0.000000	0.000000	0.985119	0.014881	0.000000	0.000000	0.000000
0.417628368	0.156920075	0.190626503	0.048916296	0.185908758	0.01441198	0.229490813	0.127310203	0.485009836	0.143777167	0.002935421	0.000133451	0.004985955	0.059114931	0.932830241	0.039300694	0.095965032	0.171752967	0.025851461	0.667129847	0.387448427	0.253514253	0.237027032	0.122010287	0
0.417628368	0.156920075	0.190626503	0.048916296	0.185908758	0.01441198	0.229490813	0.127310203	0.485009836	0.143777167	0.002935421	0.000133451	0.004985955	0.059114931	0.932830241	0.039300694	0.095965032	0.171752967	0.025851461	0.667129847	0.387448427	0.253514253	0.237027032	0.122010287	0
0.000000	0.000000	0.000000	1.000000	0.000000	0.000000	0.000000	0.471720	0.528280	0.000000	0.000000	0.000000	0.000000	0.000000	0.000000	0.000000	0.000000	0.000000	0.000000	0.000000	0.000000	0.000000	0.950798	0.049202	0.000000
0.417628368	0.156920075	0.190626503	0.048916296	0.185908758	0.01441198	0.229490813	0.127310203	0.485009836	0.143777167	0.002935421	0.000133451	0.004985955	0.059114931	0.932830241	0.039300694	0.095965032	0.171752967	0.025851461	0.667129847	0.387448427	0.253514253	0.237027032	0.122010287	0
0.000000	0.000000	0.000000	0.000000	0.000000	0.000000	0.000000	0.000000	0.000000	0.000000	0.000000	0.000000	0.000000	0.000000	0.000000	0.000000	0.000000	0.000000	0.000000	0.000000	0.000000	0.000000	1.000000	0.000000	0.000000
0.417628368	0.156920075	0.190626503	0.048916296	0.185908758	0.01441198	0.229490813	0.127310203	0.485009836	0.143777167	0.002935421	0.000133451	0.004985955	0.059114931	0.932830241	0.039300694	0.095965032	0.171752967	0.025851461	0.667129847	0.387448427	0.253514253	0.237027032	0.122010287	0
0.417628368	0.156920075	0.190626503	0.048916296	0.185908758	0.01441198	0.229490813	0.127310203	0.485009836	0.143777167	0.002935421	0.000133451	0.004985955	0.059114931	0.932830241	0.039300694	0.095965032	0.171752967	0.025851461	0.667129847	0.387448427	0.253514253	0.237027032	0.122010287	0
0.417628368	0.156920075	0.190626503	0.048916296	0.185908758	0.01441198	0.229490813	0.127310203	0.485009836	0.143777167	0.002935421	0.000133451	0.004985955	0.059114931	0.932830241	0.039300694	0.095965032	0.171752967	0.025851461	0.667129847	0.387448427	0.253514253	0.237027032	0.122010287	0
0.417628368	0.156920075	0.190626503	0.048916296	0.185908758	0.01441198	0.229490813	0.127310203	0.485009836	0.143777167	0.002935421	0.000133451	0.004985955	0.059114931	0.932830241	0.039300694	0.095965032	0.171752967	0.025851461	0.667129847	0.387448427	0.253514253	0.237027032	0.122010287	0
0.417628368	0.156920075	0.190626503	0.048916296	0.185908758	0.01441198	0.229490813	0.127310203	0.485009836	0.143777167	0.002935421	0.000133451	0.004985955	0.059114931	0.932830241	0.039300694	0.095965032	0.171752967	0.025851461	0.667129847	0.387448427	0.253514253	0.237027032	0.122010287	0
0.417628368	0.156920075	0.190626503	0.048916296	0.185908758	0.01441198	0.229490813	0.127310203	0.485009836	0.143777167	0.002935421	0.000133451	0.004985955	0.059114931	0.932830241	0.039300694	0.095965032	0.171752967	0.025851461	0.667129847	0.387448427	0.253514253	0.237027032	0.122010287	0
0.000000	0.000000	0.000000	0.000000	0.000000	0.000000	0.000000	0.000000	1.000000	0.000000	0.000000	0.000000	0.000000	0.000000	0.000000	0.000000	0.000000	0.000000	0.000000	0.000000	0.000000	0.000000	0.000000	1.000000	0.000000
0.417628368	0.156920075	0.190626503	0.048916296	0.185908758	0.01441198	0.229490813	0.127310203	0.485009836	0.143777167	0.002935421	0.000133451	0.004985955	0.059114931	0.932830241	0.039300694	0.095965032	0.171752967	0.025851461	0.667129847	0.387448427	0.253514253	0.237027032	0.122010287	0
0.000000	1.000000	0.000000	0.000000	0.000000	0.000000	0.000000	0.518285	0.481715	0.000000	0.000000	0.000000	0.000000	0.000000	0.000000	0.000000	0.000000	0.000000	0.000000	0.000000	0.000000	0.000000	0.771796	0.228204	0.000000
0.000000	0.935301	0.051046	0.013654	0.000000	0.082751	0.000000	0.185583	0.731666	0.000000	0.000000	0.000000	0.000000	0.000000	0.000000	0.000000	0.000000	0.000000	0.000000	0.000000	0.000000	0.000000	0.313884	0.686116	0.000000
0.000000	0.737087	0.262913	0.000000	0.000000	0.029290	0.051785	0.282419	0.632485	0.004021	0.000000	0.000000	0.000000	0.000000	0.000000	0.000000	0.061137	0.543645	0.000000	0.395218	0.000000	0.003766	0.868731	0.127503	0.000000
0.417628368	0.156920075	0.190626503	0.048916296	0.185908758	0.01441198	0.229490813	0.127310203	0.485009836	0.143777167	0.002935421	0.000133451	0.004985955	0.059114931	0.932830241	0.039300694	0.095965032	0.171752967	0.025851461	0.667129847	0.387448427	0.253514253	0.237027032	0.122010287	0
0.417628368	0.156920075	0.190626503	0.048916296	0.185908758	0.01441198	0.229490813	0.127310203	0.485009836	0.143777167	0.002935421	0.000133451	0.004985955	0.059114931	0.932830241	0.039300694	0.095965032	0.171752967	0.025851461	0.667129847	0.387448427	0.253514253	0.237027032	0.122010287	0
0.000000	0.669829	0.330171	0.000000	0.000000	0.000000	0.000000	0.000000	0.000000	0.000000	0.000000	0.000000	0.000000	0.000000	0.000000	0.000000	0.000000	0.000000	0.000000	0.000000	0.000000	0.000000	0.000000	1.000000	0.000000
0.417628368	0.156920075	0.190626503	0.048916296	0.185908758	0.01441198	0.229490813	0.127310203	0.485009836	0.143777167	0.002935421	0.000133451	0.004985955	0.059114931	0.932830241	0.039300694	0.095965032	0.171752967	0.025851461	0.667129847	0.387448427	0.253514253	0.237027032	0.122010287	0
0.000000	0.000000	0.000000	0.000000	0.000000	0.000000	0.000000	0.000000	1.000000	0.000000	0.000000	0.000000	0.000000	0.000000	0.000000	0.000000	0.000000	0.000000	0.000000	0.000000	0.000000	0.000000	0.293524	0.706476	0.000000
0.000000	0.000000	0.000000	0.000000	0.000000	0.000000	0.000000	0.000000	0.000000	0.000000	0.000000	0.000000	0.000000	0.000000	0.000000	0.000000	0.000000	0.000000	0.000000	0.000000	0.000000	0.000000	0.708892	0.291108	0.000000
0.000000	0.000000	1.000000	0.000000	0.000000	0.000000	0.000000	0.000000	1.000000	0.000000	0.000000	0.000000	0.000000	0.000000	0.000000	0.083506	0.304649	0.611845	0.000000	0.000000	0.000000	0.119630	0.586780	0.293590	0.000000
0.000000	1.000000	0.000000	0.000000	0.000000	0.000000	0.000000	0.000000	1.000000	0.000000	0.000000	0.000000	0.000000	0.000000	0.000000	0.000000	0.000000	0.000000	0.000000	0.000000	0.000000	0.000000	0.374373	0.625627	0.000000
0.000000	0.000000	0.000000	0.000000	0.000000	0.000000	0.000000	0.000000	0.000000	0.000000	0.000000	0.000000	0.000000	0.000000	0.000000	0.000000	0.000000	0.000000	0.000000	0.000000	0.000000	0.000000	0.612924	0.387076	0.000000
0.000000	0.000000	0.000000	0.000000	0.000000	0.000000	0.000000	0.645129	0.354871	0.000000	0.000000	0.000000	0.000000	0.000000	0.000000	0.000000	0.000000	0.000000	0.000000	0.000000	0.000000	0.000000	0.479492	0.520508	0.000000
0.417628368	0.156920075	0.190626503	0.048916296	0.185908758	0.01441198	0.229490813	0.127310203	0.485009836	0.143777167	0.002935421	0.000133451	0.004985955	0.059114931	0.932830241	0.039300694	0.095965032	0.171752967	0.025851461	0.667129847	0.387448427	0.253514253	0.237027032	0.122010287	0
0.417628368	0.156920075	0.190626503	0.048916296	0.185908758	0.01441198	0.229490813	0.127310203	0.485009836	0.143777167	0.002935421	0.000133451	0.004985955	0.059114931	0.932830241	0.039300694	0.095965032	0.171752967	0.025851461	0.667129847	0.387448427	0.253514253	0.237027032	0.122010287	0
0.000000	0.000000	0.000000	1.000000	0.000000	0.000000	0.000000	0.000000	1.000000	0.000000	0.000000	0.000000	0.000000	0.000000	0.000000	0.000000	0.000000	0.000000	0.000000	0.000000	0.000000	0.000000	1.000000	0.000000	0.000000
0.417628368	0.156920075	0.190626503	0.048916296	0.185908758	0.01441198	0.229490813	0.127310203	0.485009836	0.143777167	0.002935421	0.000133451	0.004985955	0.059114931	0.932830241	0.039300694	0.095965032	0.171752967	0.025851461	0.667129847	0.387448427	0.253514253	0.237027032	0.122010287	0
0.417628368	0.156920075	0.190626503	0.048916296	0.185908758	0.01441198	0.229490813	0.127310203	0.485009836	0.143777167	0.002935421	0.000133451	0.004985955	0.059114931	0.932830241	0.039300694	0.095965032	0.171752967	0.025851461	0.667129847	0.387448427	0.253514253	0.237027032	0.122010287	0
0.000000	0.000000	0.000000	0.000000	0.000000	0.000000	0.000000	0.000000	0.963065	0.036935	0.000000	0.000000	0.000000	0.000000	0.000000	0.000000	0.000000	1.000000	0.000000	0.000000	0.000000	0.117263	0.546231	0.336506	0.000000
0.000000	0.000000	0.000000	0.000000	0.000000	0.000000	0.000000	0.533820	0.466180	0.000000	0.000000	0.000000	0.000000	0.000000	0.000000	0.000000	0.000000	0.000000	0.000000	0.000000	0.000000	0.000000	0.341649	0.658351	0.000000
0.417628368	0.156920075	0.190626503	0.048916296	0.185908758	0.01441198	0.229490813	0.127310203	0.485009836	0.143777167	0.002935421	0.000133451	0.004985955	0.059114931	0.932830241	0.039300694	0.095965032	0.171752967	0.025851461	0.667129847	0.387448427	0.253514253	0.237027032	0.122010287	0
0.000000	1.000000	0.000000	0.000000	0.000000	0.000000	1.000000	0.000000	0.000000	0.000000	0.000000	0.000000	0.000000	0.000000	1.000000	0.000000	0.000000	0.000000	0.000000	0.000000	0.000000	0.383087	0.609042	0.007871	0.000000
0.417628368	0.156920075	0.190626503	0.048916296	0.185908758	0.01441198	0.229490813	0.127310203	0.485009836	0.143777167	0.002935421	0.000133451	0.004985955	0.059114931	0.932830241	0.039300694	0.095965032	0.171752967	0.025851461	0.667129847	0.387448427	0.253514253	0.237027032	0.122010287	0
0.417628368	0.156920075	0.190626503	0.048916296	0.185908758	0.01441198	0.229490813	0.127310203	0.485009836	0.143777167	0.002935421	0.000133451	0.004985955	0.059114931	0.932830241	0.039300694	0.095965032	0.171752967	0.025851461	0.667129847	0.387448427	0.253514253	0.237027032	0.122010287	0
0.284030	0.028788	0.687182	0.000000	0.000000	0.000000	0.066950	0.000000	0.863669	0.069382	0.000000	0.000000	0.000000	0.000000	0.000000	0.002778	0.595550	0.401672	0.000000	0.000000	0.000000	0.162535	0.478098	0.359366	0.000000
0.417628368	0.156920075	0.190626503	0.048916296	0.185908758	0.01441198	0.229490813	0.127310203	0.485009836	0.143777167	0.002935421	0.000133451	0.004985955	0.059114931	0.932830241	0.039300694	0.095965032	0.171752967	0.025851461	0.667129847	0.387448427	0.253514253	0.237027032	0.122010287	0
0.417628368	0.156920075	0.190626503	0.048916296	0.185908758	0.01441198	0.229490813	0.127310203	0.485009836	0.143777167	0.002935421	0.000133451	0.004985955	0.059114931	0.932830241	0.039300694	0.095965032	0.171752967	0.025851461	0.667129847	0.387448427	0.253514253	0.237027032	0.122010287	0
0.417628368	0.156920075	0.190626503	0.048916296	0.185908758	0.01441198	0.229490813	0.127310203	0.485009836	0.143777167	0.002935421	0.000133451	0.004985955	0.059114931	0.932830241	0.039300694	0.095965032	0.171752967	0.025851461	0.667129847	0.387448427	0.253514253	0.237027032	0.122010287	0
0.000000	0.000000	0.000000	0.000000	0.000000	0.000000	0.000000	0.000000	1.000000	0.000000	0.000000	0.000000	0.000000	0.000000	0.000000	0.000000	0.000000	0.000000	0.000000	1.000000	0.268766	0.482865	0.154006	0.094362	0.000000
0.417628368	0.156920075	0.190626503	0.048916296	0.185908758	0.01441198	0.229490813	0.127310203	0.485009836	0.143777167	0.002935421	0.000133451	0.004985955	0.059114931	0.932830241	0.039300694	0.095965032	0.171752967	0.025851461	0.667129847	0.387448427	0.253514253	0.237027032	0.122010287	0
0.417628368	0.156920075	0.190626503	0.048916296	0.185908758	0.01441198	0.229490813	0.127310203	0.485009836	0.143777167	0.002935421	0.000133451	0.004985955	0.059114931	0.932830241	0.039300694	0.095965032	0.171752967	0.025851461	0.667129847	0.387448427	0.253514253	0.237027032	0.122010287	0
0.417628368	0.156920075	0.190626503	0.048916296	0.185908758	0.01441198	0.229490813	0.127310203	0.485009836	0.143777167	0.002935421	0.000133451	0.004985955	0.059114931	0.932830241	0.039300694	0.095965032	0.171752967	0.025851461	0.667129847	0.387448427	0.253514253	0.237027032	0.122010287	0
0.000000	0.000000	0.000000	0.000000	0.000000	0.000000	0.000000	0.000000	1.000000	0.000000	0.000000	0.000000	0.000000	0.000000	0.000000	0.000000	0.000000	0.000000	0.000000	0.000000	0.166805	0.000000	0.065142	0.768053	0.000000
0.417628368	0.156920075	0.190626503	0.048916296	0.185908758	0.01441198	0.229490813	0.127310203	0.485009836	0.143777167	0.002935421	0.000133451	0.004985955	0.059114931	0.932830241	0.039300694	0.095965032	0.171752967	0.025851461	0.667129847	0.387448427	0.253514253	0.237027032	0.122010287	0
0.417628368	0.156920075	0.190626503	0.048916296	0.185908758	0.01441198	0.229490813	0.127310203	0.485009836	0.143777167	0.002935421	0.000133451	0.004985955	0.059114931	0.932830241	0.039300694	0.095965032	0.171752967	0.025851461	0.667129847	0.387448427	0.253514253	0.237027032	0.122010287	0
0.417628368	0.156920075	0.190626503	0.048916296	0.185908758	0.01441198	0.229490813	0.127310203	0.485009836	0.143777167	0.002935421	0.000133451	0.004985955	0.059114931	0.932830241	0.039300694	0.095965032	0.171752967	0.025851461	0.667129847	0.387448427	0.253514253	0.237027032	0.122010287	0
0.000000	0.000000	1.000000	0.000000	0.000000	0.000000	0.097186	0.131403	0.767549	0.003863	0.000000	0.000000	0.000000	0.000000	0.000000	0.008706	0.005598	0.035870	0.000000	0.949826	0.396087	0.366527	0.193274	0.044112	0.000000
0.000000	0.000000	0.000000	0.000000	0.000000	0.000000	0.000000	0.000000	0.000000	0.000000	0.000000	0.000000	0.000000	0.000000	0.000000	0.000000	0.000000	0.000000	0.000000	0.000000	0.000000	0.000000	1.000000	0.000000	0.000000
0.417628368	0.156920075	0.190626503	0.048916296	0.185908758	0.01441198	0.229490813	0.127310203	0.485009836	0.143777167	0.002935421	0.000133451	0.004985955	0.059114931	0.932830241	0.039300694	0.095965032	0.171752967	0.025851461	0.667129847	0.387448427	0.253514253	0.237027032	0.122010287	0
0.417628368	0.156920075	0.190626503	0.048916296	0.185908758	0.01441198	0.229490813	0.127310203	0.485009836	0.143777167	0.002935421	0.000133451	0.004985955	0.059114931	0.932830241	0.039300694	0.095965032	0.171752967	0.025851461	0.667129847	0.387448427	0.253514253	0.237027032	0.122010287	0
0.417628368	0.156920075	0.190626503	0.048916296	0.185908758	0.01441198	0.229490813	0.127310203	0.485009836	0.143777167	0.002935421	0.000133451	0.004985955	0.059114931	0.932830241	0.039300694	0.095965032	0.171752967	0.025851461	0.667129847	0.387448427	0.253514253	0.237027032	0.122010287	0
0.417628368	0.156920075	0.190626503	0.048916296	0.185908758	0.01441198	0.229490813	0.127310203	0.485009836	0.143777167	0.002935421	0.000133451	0.004985955	0.059114931	0.932830241	0.039300694	0.095965032	0.171752967	0.025851461	0.667129847	0.387448427	0.253514253	0.237027032	0.122010287	0
0.000000	0.000000	0.000000	0.000000	0.000000	0.000000	0.000000	0.000000	0.947762	0.052238	0.000000	0.000000	0.000000	0.000000	0.000000	0.000000	1.000000	0.000000	0.000000	0.000000	0.000000	0.817335	0.062878	0.119787	0.000000
0.417628368	0.156920075	0.190626503	0.048916296	0.185908758	0.01441198	0.229490813	0.127310203	0.485009836	0.143777167	0.002935421	0.000133451	0.004985955	0.059114931	0.932830241	0.039300694	0.095965032	0.171752967	0.025851461	0.667129847	0.387448427	0.253514253	0.237027032	0.122010287	0
0.417628368	0.156920075	0.190626503	0.048916296	0.185908758	0.01441198	0.229490813	0.127310203	0.485009836	0.143777167	0.002935421	0.000133451	0.004985955	0.059114931	0.932830241	0.039300694	0.095965032	0.171752967	0.025851461	0.667129847	0.387448427	0.253514253	0.237027032	0.122010287	0
0.417628368	0.156920075	0.190626503	0.048916296	0.185908758	0.01441198	0.229490813	0.127310203	0.485009836	0.143777167	0.002935421	0.000133451	0.004985955	0.059114931	0.932830241	0.039300694	0.095965032	0.171752967	0.025851461	0.667129847	0.387448427	0.253514253	0.237027032	0.122010287	0
0.417628368	0.156920075	0.190626503	0.048916296	0.185908758	0.01441198	0.229490813	0.127310203	0.485009836	0.143777167	0.002935421	0.000133451	0.004985955	0.059114931	0.932830241	0.039300694	0.095965032	0.171752967	0.025851461	0.667129847	0.387448427	0.253514253	0.237027032	0.122010287	0
0.417628368	0.156920075	0.190626503	0.048916296	0.185908758	0.01441198	0.229490813	0.127310203	0.485009836	0.143777167	0.002935421	0.000133451	0.004985955	0.059114931	0.932830241	0.039300694	0.095965032	0.171752967	0.025851461	0.667129847	0.387448427	0.253514253	0.237027032	0.122010287	0
0.417628368	0.156920075	0.190626503	0.048916296	0.185908758	0.01441198	0.229490813	0.127310203	0.485009836	0.143777167	0.002935421	0.000133451	0.004985955	0.059114931	0.932830241	0.039300694	0.095965032	0.171752967	0.025851461	0.667129847	0.387448427	0.253514253	0.237027032	0.122010287	0
0.417628368	0.156920075	0.190626503	0.048916296	0.185908758	0.01441198	0.229490813	0.127310203	0.485009836	0.143777167	0.002935421	0.000133451	0.004985955	0.059114931	0.932830241	0.039300694	0.095965032	0.171752967	0.025851461	0.667129847	0.387448427	0.253514253	0.237027032	0.122010287	0
0.417628368	0.156920075	0.190626503	0.048916296	0.185908758	0.01441198	0.229490813	0.127310203	0.485009836	0.143777167	0.002935421	0.000133451	0.004985955	0.059114931	0.932830241	0.039300694	0.095965032	0.171752967	0.025851461	0.667129847	0.387448427	0.253514253	0.237027032	0.122010287	0
0.000000	0.240992	0.604103	0.154904	0.000000	0.000000	0.037802	0.343001	0.509590	0.109607	0.000000	0.000000	0.000000	0.000000	0.000000	0.005595	0.817839	0.052700	0.028424	0.095442	0.000000	0.029786	0.131812	0.838402	0.000000
0.417628368	0.156920075	0.190626503	0.048916296	0.185908758	0.01441198	0.229490813	0.127310203	0.485009836	0.143777167	0.002935421	0.000133451	0.004985955	0.059114931	0.932830241	0.039300694	0.095965032	0.171752967	0.025851461	0.667129847	0.387448427	0.253514253	0.237027032	0.122010287	0
0.417628368	0.156920075	0.190626503	0.048916296	0.185908758	0.01441198	0.229490813	0.127310203	0.485009836	0.143777167	0.002935421	0.000133451	0.004985955	0.059114931	0.932830241	0.039300694	0.095965032	0.171752967	0.025851461	0.667129847	0.387448427	0.253514253	0.237027032	0.122010287	0
0.000000	0.000000	0.000000	0.000000	0.000000	0.000000	0.000000	0.000000	1.000000	0.000000	0.000000	0.000000	0.000000	0.000000	0.000000	0.000000	0.000000	0.000000	0.000000	0.000000	0.000000	0.000000	0.806948	0.193052	0.000000
0.417628368	0.156920075	0.190626503	0.048916296	0.185908758	0.01441198	0.229490813	0.127310203	0.485009836	0.143777167	0.002935421	0.000133451	0.004985955	0.059114931	0.932830241	0.039300694	0.095965032	0.171752967	0.025851461	0.667129847	0.387448427	0.253514253	0.237027032	0.122010287	0
0.417628368	0.156920075	0.190626503	0.048916296	0.185908758	0.01441198	0.229490813	0.127310203	0.485009836	0.143777167	0.002935421	0.000133451	0.004985955	0.059114931	0.932830241	0.039300694	0.095965032	0.171752967	0.025851461	0.667129847	0.387448427	0.253514253	0.237027032	0.122010287	0
0.417628368	0.156920075	0.190626503	0.048916296	0.185908758	0.01441198	0.229490813	0.127310203	0.485009836	0.143777167	0.002935421	0.000133451	0.004985955	0.059114931	0.932830241	0.039300694	0.095965032	0.171752967	0.025851461	0.667129847	0.387448427	0.253514253	0.237027032	0.122010287	0
0.417628368	0.156920075	0.190626503	0.048916296	0.185908758	0.01441198	0.229490813	0.127310203	0.485009836	0.143777167	0.002935421	0.000133451	0.004985955	0.059114931	0.932830241	0.039300694	0.095965032	0.171752967	0.025851461	0.667129847	0.387448427	0.253514253	0.237027032	0.122010287	0
0.417628368	0.156920075	0.190626503	0.048916296	0.185908758	0.01441198	0.229490813	0.127310203	0.485009836	0.143777167	0.002935421	0.000133451	0.004985955	0.059114931	0.932830241	0.039300694	0.095965032	0.171752967	0.025851461	0.667129847	0.387448427	0.253514253	0.237027032	0.122010287	0
0.417628368	0.156920075	0.190626503	0.048916296	0.185908758	0.01441198	0.229490813	0.127310203	0.485009836	0.143777167	0.002935421	0.000133451	0.004985955	0.059114931	0.932830241	0.039300694	0.095965032	0.171752967	0.025851461	0.667129847	0.387448427	0.253514253	0.237027032	0.122010287	0
0.417628368	0.156920075	0.190626503	0.048916296	0.185908758	0.01441198	0.229490813	0.127310203	0.485009836	0.143777167	0.002935421	0.000133451	0.004985955	0.059114931	0.932830241	0.039300694	0.095965032	0.171752967	0.025851461	0.667129847	0.387448427	0.253514253	0.237027032	0.122010287	0
0.417628368	0.156920075	0.190626503	0.048916296	0.185908758	0.01441198	0.229490813	0.127310203	0.485009836	0.143777167	0.002935421	0.000133451	0.004985955	0.059114931	0.932830241	0.039300694	0.095965032	0.171752967	0.025851461	0.667129847	0.387448427	0.253514253	0.237027032	0.122010287	0
0.417628368	0.156920075	0.190626503	0.048916296	0.185908758	0.01441198	0.229490813	0.127310203	0.485009836	0.143777167	0.002935421	0.000133451	0.004985955	0.059114931	0.932830241	0.039300694	0.095965032	0.171752967	0.025851461	0.667129847	0.387448427	0.253514253	0.237027032	0.122010287	0
0.417628368	0.156920075	0.190626503	0.048916296	0.185908758	0.01441198	0.229490813	0.127310203	0.485009836	0.143777167	0.002935421	0.000133451	0.004985955	0.059114931	0.932830241	0.039300694	0.095965032	0.171752967	0.025851461	0.667129847	0.387448427	0.253514253	0.237027032	0.122010287	0
0.000000	0.000000	0.000000	0.000000	0.000000	0.000000	0.000000	0.000000	0.000000	0.000000	0.000000	0.000000	0.000000	0.000000	0.000000	0.000000	0.000000	0.000000	0.000000	0.000000	0.000000	0.000000	0.104674	0.895326	0.000000
0.000000	0.000000	0.950706	0.049294	0.000000	0.000000	0.163443	0.329851	0.462024	0.044682	0.000000	0.000000	0.000000	0.000000	0.000000	0.000000	0.000000	0.139358	0.020041	0.840602	0.000000	0.443596	0.437500	0.118904	0.000000
0.000000	0.000000	0.000000	0.000000	0.000000	0.000000	0.000000	0.000000	0.359098	0.640902	0.000000	0.000000	0.000000	0.000000	0.000000	0.000000	0.000000	0.000000	0.000000	0.000000	0.000000	0.000000	0.325914	0.674086	0.000000
0.623406	0.212197	0.118192	0.046205	0.000000	0.000000	0.046617	0.118974	0.827365	0.007045	0.000000	0.000000	0.000000	0.000000	1.000000	0.012462	0.152431	0.552530	0.046382	0.236196	0.006280	0.594022	0.278925	0.120772	0.000000
0.417628368	0.156920075	0.190626503	0.048916296	0.185908758	0.01441198	0.229490813	0.127310203	0.485009836	0.143777167	0.002935421	0.000133451	0.004985955	0.059114931	0.932830241	0.039300694	0.095965032	0.171752967	0.025851461	0.667129847	0.387448427	0.253514253	0.237027032	0.122010287	0
0.000000	0.000000	0.000000	0.000000	0.000000	0.000000	0.794007	0.164359	0.000000	0.041634	0.000000	0.000000	0.000000	0.000000	0.000000	0.000000	0.000000	0.000000	0.000000	0.000000	0.000000	1.000000	0.000000	0.000000	0.000000
0.387872	0.366300	0.240228	0.005600	0.000000	0.038110	0.197247	0.088831	0.656738	0.019075	0.009007	0.000000	0.000000	0.000000	0.990993	0.230498	0.405164	0.323567	0.038090	0.002681	0.587572	0.246826	0.089411	0.076192	0.000000
0.000000	0.000000	0.000000	1.000000	0.000000	0.000000	0.000000	0.097734	0.897461	0.004805	0.000000	0.000000	0.000000	0.000000	1.000000	0.000000	0.003681	0.072774	0.923545	0.000000	0.233942	0.066306	0.404630	0.295123	0.000000
0.372248	0.433319	0.194433	0.000000	0.000000	0.026077	0.168317	0.334138	0.458623	0.012845	0.000000	0.000000	0.000000	0.000000	0.000000	0.000000	0.000000	0.150210	0.000000	0.849790	0.130821	0.315971	0.463981	0.089227	0.000000
0.355236	0.271212	0.342308	0.031245	0.000000	0.014551	0.048659	0.369845	0.564893	0.002052	0.000000	0.000000	0.000000	0.000000	0.000000	0.000000	0.203946	0.554694	0.000000	0.241360	0.163515	0.470446	0.239455	0.126585	0.000000
0.026577	0.832716	0.135283	0.005424	0.000000	0.054316	0.567743	0.228249	0.147148	0.002544	0.014599	0.000000	0.000000	0.000000	0.985401	0.001956	0.138391	0.089828	0.050818	0.719007	0.293985	0.338364	0.310477	0.057174	0.000000
0.742793	0.182150	0.073180	0.001877	0.000000	0.031165	0.475579	0.201574	0.256745	0.034936	0.004406	0.000000	0.000000	0.000000	0.995594	0.030620	0.139220	0.116880	0.046740	0.666540	0.487722	0.266304	0.201915	0.044058	0.000000
0.417628368	0.156920075	0.190626503	0.048916296	0.185908758	0.01441198	0.229490813	0.127310203	0.485009836	0.143777167	0.002935421	0.000133451	0.004985955	0.059114931	0.932830241	0.039300694	0.095965032	0.171752967	0.025851461	0.667129847	0.387448427	0.253514253	0.237027032	0.122010287	0
0.417628368	0.156920075	0.190626503	0.048916296	0.185908758	0.01441198	0.229490813	0.127310203	0.485009836	0.143777167	0.002935421	0.000133451	0.004985955	0.059114931	0.932830241	0.039300694	0.095965032	0.171752967	0.025851461	0.667129847	0.387448427	0.253514253	0.237027032	0.122010287	0
0.000000	0.543719	0.456281	0.000000	0.000000	0.000000	0.376316	0.091565	0.512338	0.019780	0.000000	0.000000	0.000000	0.000000	0.000000	0.005258	0.146681	0.000000	0.000000	0.848061	0.089039	0.183304	0.162414	0.565243	0.000000
0.417628368	0.156920075	0.190626503	0.048916296	0.185908758	0.01441198	0.229490813	0.127310203	0.485009836	0.143777167	0.002935421	0.000133451	0.004985955	0.059114931	0.932830241	0.039300694	0.095965032	0.171752967	0.025851461	0.667129847	0.387448427	0.253514253	0.237027032	0.122010287	0
0.000000	0.000000	0.000000	0.000000	0.000000	0.000000	0.499232	0.257944	0.242516	0.000308	0.000000	0.000000	0.000000	0.000000	0.000000	0.043723	0.259078	0.697199	0.000000	0.000000	0.000000	0.000000	0.881511	0.118489	0.000000
0.404188	0.484843	0.110970	0.000000	0.000000	0.009984	0.201649	0.067148	0.676640	0.044578	0.009589	0.000000	0.000000	0.000000	0.990411	0.103894	0.655042	0.138235	0.000000	0.102829	0.144649	0.335785	0.373369	0.146197	0.000000
0.874783	0.053282	0.045173	0.026762	0.000000	0.003244	0.184080	0.113904	0.633667	0.065105	0.002490	0.001995	0.000000	0.000000	0.995515	0.094258	0.109976	0.061359	0.012318	0.722089	0.482861	0.204646	0.231566	0.080927	0.000000
0.375008	0.624992	0.000000	0.000000	0.000000	0.235512	0.079215	0.050188	0.634727	0.000358	0.000000	0.000000	0.000000	0.000000	0.000000	0.000000	0.003910	0.331302	0.120771	0.544017	0.090617	0.092767	0.578137	0.238478	0.000000
0.000000	0.000000	0.000000	0.000000	0.000000	0.000000	0.000000	0.000000	0.000000	0.000000	0.000000	0.000000	0.000000	0.000000	0.000000	0.000000	0.000000	0.000000	0.000000	0.000000	0.000000	0.000000	0.000000	1.000000	0.000000
0.000000	0.000000	0.000000	0.000000	0.000000	0.000000	0.000000	0.000000	0.000000	0.000000	0.000000	0.000000	0.000000	0.000000	0.000000	0.000000	0.000000	0.000000	0.000000	0.000000	0.000000	0.789764	0.201027	0.009209	0.000000
0.711455	0.169554	0.110084	0.008907	0.000000	0.021266	0.306594	0.146170	0.484228	0.001439	0.006219	0.006645	0.011770	0.000000	0.975366	0.021669	0.058076	0.110961	0.018089	0.791205	0.401757	0.305612	0.219630	0.073000	0.000000
0.711455	0.169554	0.110084	0.008907	0.000000	0.021266	0.306594	0.146170	0.484228	0.001439	0.006219	0.006645	0.011770	0.000000	0.975366	0.021669	0.058076	0.110961	0.018089	0.791205	0.401757	0.305612	0.219630	0.073000	0.000000
0.000000	0.000000	0.000000	0.000000	0.000000	0.000000	0.000000	0.000000	0.000000	0.000000	0.000000	0.000000	0.000000	0.000000	0.000000	0.000000	0.000000	0.000000	0.000000	0.000000	0.000000	0.799661	0.200339	0.000000	0.000000
0.000000	0.000000	0.000000	0.000000	0.000000	0.000000	0.000000	0.000000	0.000000	0.000000	0.000000	0.000000	0.000000	0.000000	0.000000	0.000000	0.000000	0.000000	0.000000	0.000000	0.000000	0.000000	1.000000	0.000000	0.000000
0.000000	0.000000	1.000000	0.000000	0.000000	0.000000	0.000000	0.000000	0.973603	0.026397	0.000000	0.000000	0.000000	0.000000	0.000000	0.000000	0.000000	0.852816	0.000000	0.147184	0.000000	0.000000	0.699999	0.300001	0.000000
0.000000	0.000000	0.000000	0.000000	0.000000	0.000000	0.000000	0.000000	0.000000	0.000000	0.000000	0.000000	0.000000	0.000000	0.000000	0.000000	0.000000	0.000000	0.000000	0.000000	0.000000	0.885043	0.108290	0.006666	0.000000
0.000000	0.000000	0.000000	0.000000	0.000000	0.000000	0.000000	0.000000	0.000000	0.000000	0.000000	0.000000	0.000000	0.000000	0.000000	0.000000	0.000000	0.000000	0.000000	0.000000	0.000000	0.568855	0.243446	0.187698	0.000000
0.000000	0.000000	0.000000	0.000000	0.000000	0.000000	0.000000	0.000000	0.000000	0.000000	0.000000	0.000000	0.000000	0.000000	0.000000	0.000000	0.000000	0.000000	0.000000	0.000000	0.000000	0.127860	0.741266	0.130874	0.000000
0.711455	0.169554	0.110084	0.008907	0.000000	0.021266	0.306594	0.146170	0.484228	0.001439	0.006219	0.006645	0.011770	0.000000	0.975366	0.021669	0.058076	0.110961	0.018089	0.791205	0.401757	0.305612	0.219630	0.073000	0.000000
0.711455	0.169554	0.110084	0.008907	0.000000	0.021266	0.306594	0.146170	0.484228	0.001439	0.006219	0.006645	0.011770	0.000000	0.975366	0.021669	0.058076	0.110961	0.018089	0.791205	0.401757	0.305612	0.219630	0.073000	0.000000
0.711455	0.169554	0.110084	0.008907	0.000000	0.021266	0.306594	0.146170	0.484228	0.001439	0.006219	0.006645	0.011770	0.000000	0.975366	0.021669	0.058076	0.110961	0.018089	0.791205	0.401757	0.305612	0.219630	0.073000	0.000000
0.711455	0.169554	0.110084	0.008907	0.000000	0.021266	0.306594	0.146170	0.484228	0.001439	0.006219	0.006645	0.011770	0.000000	0.975366	0.021669	0.058076	0.110961	0.018089	0.791205	0.401757	0.305612	0.219630	0.073000	0.000000
0.000000	0.000000	0.000000	0.000000	0.000000	0.000000	0.000000	0.000000	0.000000	0.000000	0.000000	0.000000	0.000000	0.000000	0.000000	0.000000	0.000000	0.000000	0.000000	0.000000	0.000000	0.000000	1.000000	0.000000	0.000000
0.000000	0.000000	0.000000	0.000000	0.000000	0.000000	0.000000	0.000000	0.000000	0.000000	0.000000	0.000000	0.000000	0.000000	0.000000	0.000000	0.000000	0.000000	0.000000	0.000000	0.000000	0.000000	0.535868	0.464132	0.000000
0.000000	0.000000	0.000000	0.000000	0.000000	0.000000	0.000000	0.000000	0.000000	0.000000	0.000000	0.000000	0.000000	0.000000	0.000000	0.000000	0.000000	0.000000	0.000000	0.000000	0.000000	0.000000	1.000000	0.000000	0.000000
0.000000	0.000000	0.000000	0.000000	0.000000	0.000000	0.000000	0.000000	0.000000	0.000000	0.000000	0.000000	0.000000	0.000000	0.000000	0.000000	0.000000	0.000000	0.000000	0.000000	0.000000	0.560921	0.352555	0.086524	0.000000
0.000000	1.000000	0.000000	0.000000	0.000000	0.000000	0.000000	0.000000	1.000000	0.000000	0.000000	0.000000	0.000000	0.000000	0.000000	0.000000	0.000000	0.000000	0.000000	0.000000	0.000000	0.018607	0.376067	0.605326	0.000000
0.711455	0.169554	0.110084	0.008907	0.000000	0.021266	0.306594	0.146170	0.484228	0.001439	0.006219	0.006645	0.011770	0.000000	0.975366	0.021669	0.058076	0.110961	0.018089	0.791205	0.401757	0.305612	0.219630	0.073000	0.000000
0.000000	1.000000	0.000000	0.000000	0.000000	0.000000	0.000000	0.000000	1.000000	0.000000	0.000000	0.000000	0.000000	0.000000	0.000000	0.000000	0.000000	0.000000	0.000000	0.000000	0.000000	0.000000	0.118080	0.881920	0.000000
0.000000	0.022864	0.977136	0.000000	0.000000	0.000000	0.000000	0.000000	0.969255	0.030745	0.000000	0.000000	0.000000	0.000000	0.000000	0.000000	0.000000	0.000000	0.000000	0.000000	0.049320	0.396124	0.267035	0.287521	0.000000
0.000000	0.000000	0.000000	0.000000	0.000000	0.000000	0.000000	0.000000	0.000000	0.000000	0.000000	0.000000	0.000000	0.000000	0.000000	0.000000	0.000000	0.000000	0.000000	0.000000	0.333155	0.000000	0.000000	0.666845	0.000000
0.000000	0.000000	0.000000	0.000000	0.000000	0.000000	0.000000	0.000000	0.000000	0.000000	0.000000	0.000000	0.000000	0.000000	0.000000	0.000000	0.000000	0.000000	0.000000	0.000000	0.000000	0.605838	0.061469	0.332693	0.000000
0.000000	0.303470	0.696530	0.000000	0.000000	0.000000	0.013990	0.073694	0.684026	0.228290	0.000000	0.000000	0.000000	0.000000	1.000000	0.000000	0.000000	1.000000	0.000000	0.000000	0.000000	0.192813	0.456888	0.350299	0.000000
0.000000	0.818397	0.181603	0.000000	0.000000	0.544290	0.038321	0.000000	0.417389	0.000000	0.000000	0.000000	0.000000	0.000000	0.000000	0.000000	1.000000	0.000000	0.000000	0.000000	0.062298	0.464530	0.363597	0.109575	0.000000
0.000000	0.000000	0.000000	0.000000	0.000000	0.000000	0.000000	0.000000	0.000000	0.000000	0.000000	0.000000	0.000000	0.000000	0.000000	0.000000	0.000000	0.000000	0.000000	0.000000	0.000000	0.000000	0.667080	0.332920	0.000000
0.711455	0.169554	0.110084	0.008907	0.000000	0.021266	0.306594	0.146170	0.484228	0.001439	0.006219	0.006645	0.011770	0.000000	0.975366	0.021669	0.058076	0.110961	0.018089	0.791205	0.401757	0.305612	0.219630	0.073000	0.000000
0.711455	0.169554	0.110084	0.008907	0.000000	0.021266	0.306594	0.146170	0.484228	0.001439	0.006219	0.006645	0.011770	0.000000	0.975366	0.021669	0.058076	0.110961	0.018089	0.791205	0.401757	0.305612	0.219630	0.073000	0.000000
0.000000	0.000000	0.000000	0.000000	0.000000	0.000000	0.108545	0.000000	0.891455	0.000000	0.000000	0.000000	0.000000	0.000000	0.000000	0.000000	1.000000	0.000000	0.000000	0.000000	0.000000	0.230009	0.222688	0.547304	0.000000
0.711455	0.169554	0.110084	0.008907	0.000000	0.021266	0.306594	0.146170	0.484228	0.001439	0.006219	0.006645	0.011770	0.000000	0.975366	0.021669	0.058076	0.110961	0.018089	0.791205	0.401757	0.305612	0.219630	0.073000	0.000000
0.000000	0.000000	0.000000	0.000000	0.000000	0.000000	0.000000	0.000000	0.000000	0.000000	0.000000	0.000000	0.000000	0.000000	0.000000	0.000000	0.000000	0.000000	0.000000	0.000000	0.000000	1.000000	0.000000	0.000000	0.000000
0.000000	0.625022	0.374978	0.000000	0.000000	0.000000	0.769055	0.000000	0.221085	0.009860	0.000000	0.000000	0.000000	0.000000	0.000000	0.000000	0.000000	0.000000	0.000000	0.000000	0.000000	0.151537	0.291202	0.557261	0.000000
0.000000	0.000000	0.000000	0.000000	0.000000	0.000000	0.000000	0.000000	1.000000	0.000000	0.000000	0.000000	0.000000	0.000000	0.000000	0.000000	0.000000	0.000000	0.000000	0.000000	0.000000	0.000000	1.000000	0.000000	0.000000
0.000000	0.000000	0.000000	0.000000	0.000000	0.000000	0.000000	0.000000	0.000000	0.000000	0.000000	0.000000	0.000000	0.000000	0.000000	0.000000	0.000000	0.000000	0.000000	0.000000	0.000000	0.000000	0.938656	0.061344	0.000000
0.711455	0.169554	0.110084	0.008907	0.000000	0.021266	0.306594	0.146170	0.484228	0.001439	0.006219	0.006645	0.011770	0.000000	0.975366	0.021669	0.058076	0.110961	0.018089	0.791205	0.401757	0.305612	0.219630	0.073000	0.000000
0.000000	0.000000	1.000000	0.000000	0.000000	0.000000	0.000000	0.494263	0.505737	0.000000	0.000000	0.000000	0.000000	0.000000	0.000000	0.000000	0.000000	0.000000	0.000000	0.000000	0.000000	0.000000	0.737893	0.262107	0.000000
0.000000	0.000000	1.000000	0.000000	0.000000	0.000000	0.736868	0.251945	0.011187	0.000000	0.000000	0.000000	0.000000	0.000000	1.000000	0.000000	0.691389	0.308611	0.000000	0.000000	0.000000	0.188743	0.415668	0.395589	0.000000
0.000000	0.504948	0.310945	0.184107	0.000000	0.000000	0.006250	0.145457	0.787516	0.060777	0.000318	0.000000	0.000000	0.000000	0.999682	0.000000	0.003163	0.055449	0.021264	0.920124	0.060579	0.158075	0.616099	0.165247	0.000000
0.242931	0.167236	0.589833	0.000000	0.000000	0.021191	0.094058	0.070305	0.767513	0.046934	0.000000	0.000000	0.000000	0.000000	1.000000	0.000000	0.333502	0.124649	0.000000	0.541849	0.084473	0.265463	0.418682	0.231382	0.000000
0.000000	0.000000	0.000000	0.000000	0.000000	0.000000	0.000000	0.020825	0.979175	0.000000	0.000000	0.000000	0.000000	0.000000	0.000000	0.000000	0.000000	0.000000	0.000000	0.000000	0.000000	0.000000	0.602456	0.397544	0.000000
0.000000	1.000000	0.000000	0.000000	0.000000	0.000000	0.000000	1.000000	0.000000	0.000000	0.000000	0.000000	0.000000	0.000000	1.000000	0.000000	0.000000	0.000000	0.000000	0.000000	0.000000	0.819852	0.156834	0.023314	0.000000
0.000000	1.000000	0.000000	0.000000	0.000000	0.000000	1.000000	0.000000	0.000000	0.000000	0.000000	0.000000	0.000000	0.000000	1.000000	0.000000	0.408688	0.591312	0.000000	0.000000	0.000000	0.488811	0.396625	0.114564	0.000000
0.711455	0.169554	0.110084	0.008907	0.000000	0.021266	0.306594	0.146170	0.484228	0.001439	0.006219	0.006645	0.011770	0.000000	0.975366	0.021669	0.058076	0.110961	0.018089	0.791205	0.401757	0.305612	0.219630	0.073000	0.000000
0.711455	0.169554	0.110084	0.008907	0.000000	0.021266	0.306594	0.146170	0.484228	0.001439	0.006219	0.006645	0.011770	0.000000	0.975366	0.021669	0.058076	0.110961	0.018089	0.791205	0.401757	0.305612	0.219630	0.073000	0.000000
0.000000	0.000000	0.000000	0.000000	0.000000	0.000000	0.000000	0.971663	0.028337	0.000000	0.000000	0.000000	0.000000	0.000000	0.000000	0.000000	1.000000	0.000000	0.000000	0.000000	0.000000	0.000000	1.000000	0.000000	0.000000
0.711455	0.169554	0.110084	0.008907	0.000000	0.021266	0.306594	0.146170	0.484228	0.001439	0.006219	0.006645	0.011770	0.000000	0.975366	0.021669	0.058076	0.110961	0.018089	0.791205	0.401757	0.305612	0.219630	0.073000	0.000000
0.711455	0.169554	0.110084	0.008907	0.000000	0.021266	0.306594	0.146170	0.484228	0.001439	0.006219	0.006645	0.011770	0.000000	0.975366	0.021669	0.058076	0.110961	0.018089	0.791205	0.401757	0.305612	0.219630	0.073000	0.000000
0.000000	0.000000	0.000000	0.000000	0.000000	0.000000	0.671322	0.187949	0.140729	0.000000	0.000000	0.000000	0.000000	0.000000	0.000000	0.000000	0.000000	0.000000	0.000000	0.000000	0.000000	0.000000	0.963618	0.036382	0.000000
0.000000	0.000000	0.000000	0.000000	0.000000	0.000000	0.000000	0.000000	1.000000	0.000000	0.000000	0.000000	0.000000	0.000000	1.000000	0.000000	1.000000	0.000000	0.000000	0.000000	0.000000	0.000000	0.527813	0.472187	0.000000
0.000000	0.000000	0.000000	0.000000	0.000000	0.000000	0.000000	0.000000	0.000000	0.000000	0.000000	0.000000	0.000000	0.000000	0.000000	0.000000	0.000000	0.000000	0.000000	0.000000	0.000000	0.000000	0.880192	0.119808	0.000000
0.711455	0.169554	0.110084	0.008907	0.000000	0.021266	0.306594	0.146170	0.484228	0.001439	0.006219	0.006645	0.011770	0.000000	0.975366	0.021669	0.058076	0.110961	0.018089	0.791205	0.401757	0.305612	0.219630	0.073000	0.000000
0.711455	0.169554	0.110084	0.008907	0.000000	0.021266	0.306594	0.146170	0.484228	0.001439	0.006219	0.006645	0.011770	0.000000	0.975366	0.021669	0.058076	0.110961	0.018089	0.791205	0.401757	0.305612	0.219630	0.073000	0.000000
0.711455	0.169554	0.110084	0.008907	0.000000	0.021266	0.306594	0.146170	0.484228	0.001439	0.006219	0.006645	0.011770	0.000000	0.975366	0.021669	0.058076	0.110961	0.018089	0.791205	0.401757	0.305612	0.219630	0.073000	0.000000
0.711455	0.169554	0.110084	0.008907	0.000000	0.021266	0.306594	0.146170	0.484228	0.001439	0.006219	0.006645	0.011770	0.000000	0.975366	0.021669	0.058076	0.110961	0.018089	0.791205	0.401757	0.305612	0.219630	0.073000	0.000000
0.711455	0.169554	0.110084	0.008907	0.000000	0.021266	0.306594	0.146170	0.484228	0.001439	0.006219	0.006645	0.011770	0.000000	0.975366	0.021669	0.058076	0.110961	0.018089	0.791205	0.401757	0.305612	0.219630	0.073000	0.000000
0.711455	0.169554	0.110084	0.008907	0.000000	0.021266	0.306594	0.146170	0.484228	0.001439	0.006219	0.006645	0.011770	0.000000	0.975366	0.021669	0.058076	0.110961	0.018089	0.791205	0.401757	0.305612	0.219630	0.073000	0.000000
0.711455	0.169554	0.110084	0.008907	0.000000	0.021266	0.306594	0.146170	0.484228	0.001439	0.006219	0.006645	0.011770	0.000000	0.975366	0.021669	0.058076	0.110961	0.018089	0.791205	0.401757	0.305612	0.219630	0.073000	0.000000
0.711455	0.169554	0.110084	0.008907	0.000000	0.021266	0.306594	0.146170	0.484228	0.001439	0.006219	0.006645	0.011770	0.000000	0.975366	0.021669	0.058076	0.110961	0.018089	0.791205	0.401757	0.305612	0.219630	0.073000	0.000000
0.711455	0.169554	0.110084	0.008907	0.000000	0.021266	0.306594	0.146170	0.484228	0.001439	0.006219	0.006645	0.011770	0.000000	0.975366	0.021669	0.058076	0.110961	0.018089	0.791205	0.401757	0.305612	0.219630	0.073000	0.000000
0.711455	0.169554	0.110084	0.008907	0.000000	0.021266	0.306594	0.146170	0.484228	0.001439	0.006219	0.006645	0.011770	0.000000	0.975366	0.021669	0.058076	0.110961	0.018089	0.791205	0.401757	0.305612	0.219630	0.073000	0.000000
0.711455	0.169554	0.110084	0.008907	0.000000	0.021266	0.306594	0.146170	0.484228	0.001439	0.006219	0.006645	0.011770	0.000000	0.975366	0.021669	0.058076	0.110961	0.018089	0.791205	0.401757	0.305612	0.219630	0.073000	0.000000
0.711455	0.169554	0.110084	0.008907	0.000000	0.021266	0.306594	0.146170	0.484228	0.001439	0.006219	0.006645	0.011770	0.000000	0.975366	0.021669	0.058076	0.110961	0.018089	0.791205	0.401757	0.305612	0.219630	0.073000	0.000000
0.711455	0.169554	0.110084	0.008907	0.000000	0.021266	0.306594	0.146170	0.484228	0.001439	0.006219	0.006645	0.011770	0.000000	0.975366	0.021669	0.058076	0.110961	0.018089	0.791205	0.401757	0.305612	0.219630	0.073000	0.000000
0.711455	0.169554	0.110084	0.008907	0.000000	0.021266	0.306594	0.146170	0.484228	0.001439	0.006219	0.006645	0.011770	0.000000	0.975366	0.021669	0.058076	0.110961	0.018089	0.791205	0.401757	0.305612	0.219630	0.073000	0.000000
0.711455	0.169554	0.110084	0.008907	0.000000	0.021266	0.306594	0.146170	0.484228	0.001439	0.006219	0.006645	0.011770	0.000000	0.975366	0.021669	0.058076	0.110961	0.018089	0.791205	0.401757	0.305612	0.219630	0.073000	0.000000
0.711455	0.169554	0.110084	0.008907	0.000000	0.021266	0.306594	0.146170	0.484228	0.001439	0.006219	0.006645	0.011770	0.000000	0.975366	0.021669	0.058076	0.110961	0.018089	0.791205	0.401757	0.305612	0.219630	0.073000	0.000000
0.711455	0.169554	0.110084	0.008907	0.000000	0.021266	0.306594	0.146170	0.484228	0.001439	0.006219	0.006645	0.011770	0.000000	0.975366	0.021669	0.058076	0.110961	0.018089	0.791205	0.401757	0.305612	0.219630	0.073000	0.000000
0.000000	1.000000	0.000000	0.000000	0.000000	0.000000	0.000000	0.000000	0.000000	0.000000	0.000000	0.000000	0.000000	0.000000	0.000000	0.000000	0.000000	0.000000	0.000000	0.000000	0.000000	0.000000	0.000000	0.000000	0.000000
0.000000	0.311471	0.673164	0.015365	0.000000	0.000000	0.126918	0.256610	0.615917	0.000554	0.000000	0.000000	0.000000	0.000000	0.000000	0.000000	0.000000	0.000000	0.000000	0.000000	0.000000	0.149696	0.596770	0.253534	0.000000
0.711455	0.169554	0.110084	0.008907	0.000000	0.021266	0.306594	0.146170	0.484228	0.001439	0.006219	0.006645	0.011770	0.000000	0.975366	0.021669	0.058076	0.110961	0.018089	0.791205	0.401757	0.305612	0.219630	0.073000	0.000000
0.711455	0.169554	0.110084	0.008907	0.000000	0.021266	0.306594	0.146170	0.484228	0.001439	0.006219	0.006645	0.011770	0.000000	0.975366	0.021669	0.058076	0.110961	0.018089	0.791205	0.401757	0.305612	0.219630	0.073000	0.000000
0.711455	0.169554	0.110084	0.008907	0.000000	0.021266	0.306594	0.146170	0.484228	0.001439	0.006219	0.006645	0.011770	0.000000	0.975366	0.021669	0.058076	0.110961	0.018089	0.791205	0.401757	0.305612	0.219630	0.073000	0.000000
0.711455	0.169554	0.110084	0.008907	0.000000	0.021266	0.306594	0.146170	0.484228	0.001439	0.006219	0.006645	0.011770	0.000000	0.975366	0.021669	0.058076	0.110961	0.018089	0.791205	0.401757	0.305612	0.219630	0.073000	0.000000
0.711455	0.169554	0.110084	0.008907	0.000000	0.021266	0.306594	0.146170	0.484228	0.001439	0.006219	0.006645	0.011770	0.000000	0.975366	0.021669	0.058076	0.110961	0.018089	0.791205	0.401757	0.305612	0.219630	0.073000	0.000000
0.711455	0.169554	0.110084	0.008907	0.000000	0.021266	0.306594	0.146170	0.484228	0.001439	0.006219	0.006645	0.011770	0.000000	0.975366	0.021669	0.058076	0.110961	0.018089	0.791205	0.401757	0.305612	0.219630	0.073000	0.000000
0.711455	0.169554	0.110084	0.008907	0.000000	0.021266	0.306594	0.146170	0.484228	0.001439	0.006219	0.006645	0.011770	0.000000	0.975366	0.021669	0.058076	0.110961	0.018089	0.791205	0.401757	0.305612	0.219630	0.073000	0.000000
0.711455	0.169554	0.110084	0.008907	0.000000	0.021266	0.306594	0.146170	0.484228	0.001439	0.006219	0.006645	0.011770	0.000000	0.975366	0.021669	0.058076	0.110961	0.018089	0.791205	0.401757	0.305612	0.219630	0.073000	0.000000
0.711455	0.169554	0.110084	0.008907	0.000000	0.021266	0.306594	0.146170	0.484228	0.001439	0.006219	0.006645	0.011770	0.000000	0.975366	0.021669	0.058076	0.110961	0.018089	0.791205	0.401757	0.305612	0.219630	0.073000	0.000000
0.711455	0.169554	0.110084	0.008907	0.000000	0.021266	0.306594	0.146170	0.484228	0.001439	0.006219	0.006645	0.011770	0.000000	0.975366	0.021669	0.058076	0.110961	0.018089	0.791205	0.401757	0.305612	0.219630	0.073000	0.000000
0.711455	0.169554	0.110084	0.008907	0.000000	0.021266	0.306594	0.146170	0.484228	0.001439	0.006219	0.006645	0.011770	0.000000	0.975366	0.021669	0.058076	0.110961	0.018089	0.791205	0.401757	0.305612	0.219630	0.073000	0.000000
0.000000	1.000000	0.000000	0.000000	0.000000	0.000000	0.000000	0.000000	1.000000	0.000000	0.000000	0.000000	0.000000	0.000000	0.000000	0.000000	0.000000	0.000000	0.000000	0.000000	0.000000	0.000000	0.000000	1.000000	0.000000
0.000000	0.000000	0.000000	0.000000	0.000000	0.000000	0.000000	0.000000	1.000000	0.000000	0.000000	0.000000	0.000000	0.000000	0.000000	0.000000	0.000000	0.000000	0.000000	0.000000	0.000000	0.000000	0.000000	0.000000	0.000000
0.711455	0.169554	0.110084	0.008907	0.000000	0.021266	0.306594	0.146170	0.484228	0.001439	0.006219	0.006645	0.011770	0.000000	0.975366	0.021669	0.058076	0.110961	0.018089	0.791205	0.401757	0.305612	0.219630	0.073000	0.000000
1.000000	0.000000	0.000000	0.000000	0.000000	0.000000	0.000000	0.000000	0.000000	0.000000	0.000000	0.000000	0.000000	0.000000	1.000000	0.000000	0.000000	0.000000	0.000000	0.000000	0.000000	0.000000	0.000000	0.000000	0.000000
0.711455	0.169554	0.110084	0.008907	0.000000	0.021266	0.306594	0.146170	0.484228	0.001439	0.006219	0.006645	0.011770	0.000000	0.975366	0.021669	0.058076	0.110961	0.018089	0.791205	0.401757	0.305612	0.219630	0.073000	0.000000
0.711455	0.169554	0.110084	0.008907	0.000000	0.021266	0.306594	0.146170	0.484228	0.001439	0.006219	0.006645	0.011770	0.000000	0.975366	0.021669	0.058076	0.110961	0.018089	0.791205	0.401757	0.305612	0.219630	0.073000	0.000000
0.711455	0.169554	0.110084	0.008907	0.000000	0.021266	0.306594	0.146170	0.484228	0.001439	0.006219	0.006645	0.011770	0.000000	0.975366	0.021669	0.058076	0.110961	0.018089	0.791205	0.401757	0.305612	0.219630	0.073000	0.000000
0.711455	0.169554	0.110084	0.008907	0.000000	0.021266	0.306594	0.146170	0.484228	0.001439	0.006219	0.006645	0.011770	0.000000	0.975366	0.021669	0.058076	0.110961	0.018089	0.791205	0.401757	0.305612	0.219630	0.073000	0.000000
0.711455	0.169554	0.110084	0.008907	0.000000	0.021266	0.306594	0.146170	0.484228	0.001439	0.006219	0.006645	0.011770	0.000000	0.975366	0.021669	0.058076	0.110961	0.018089	0.791205	0.401757	0.305612	0.219630	0.073000	0.000000
0.711455	0.169554	0.110084	0.008907	0.000000	0.021266	0.306594	0.146170	0.484228	0.001439	0.006219	0.006645	0.011770	0.000000	0.975366	0.021669	0.058076	0.110961	0.018089	0.791205	0.401757	0.305612	0.219630	0.073000	0.000000
0.000000	0.000000	0.000000	0.000000	0.000000	0.000000	0.000000	0.000000	0.000000	0.000000	0.000000	0.000000	0.000000	0.000000	0.000000	1.000000	0.000000	0.000000	0.000000	0.000000	1.000000	0.000000	0.000000	0.000000	0.000000
0.711455	0.169554	0.110084	0.008907	0.000000	0.021266	0.306594	0.146170	0.484228	0.001439	0.006219	0.006645	0.011770	0.000000	0.975366	0.021669	0.058076	0.110961	0.018089	0.791205	0.401757	0.305612	0.219630	0.073000	0.000000
0.000000	0.000000	0.000000	0.000000	0.000000	0.000000	0.000000	0.000000	0.000000	0.000000	0.000000	0.000000	0.000000	0.000000	0.000000	0.000000	0.000000	0.000000	0.000000	0.000000	0.000000	0.000000	1.000000	0.000000	0.000000
0.000000	0.000000	0.000000	0.000000	0.000000	0.000000	0.000000	0.000000	1.000000	0.000000	0.000000	0.000000	0.000000	0.000000	0.000000	0.000000	0.000000	0.000000	0.000000	0.000000	0.000000	0.000000	0.430518	0.569482	0.000000
0.711455	0.169554	0.110084	0.008907	0.000000	0.021266	0.306594	0.146170	0.484228	0.001439	0.006219	0.006645	0.011770	0.000000	0.975366	0.021669	0.058076	0.110961	0.018089	0.791205	0.401757	0.305612	0.219630	0.073000	0.000000
0.000000	0.000000	0.000000	0.000000	0.000000	0.000000	0.000000	0.000000	1.000000	0.000000	0.000000	0.000000	0.000000	0.000000	0.000000	0.000000	0.000000	0.000000	0.000000	0.000000	0.000000	0.000000	0.084755	0.915245	0.000000
0.711455	0.169554	0.110084	0.008907	0.000000	0.021266	0.306594	0.146170	0.484228	0.001439	0.006219	0.006645	0.011770	0.000000	0.975366	0.021669	0.058076	0.110961	0.018089	0.791205	0.401757	0.305612	0.219630	0.073000	0.000000
0.711455	0.169554	0.110084	0.008907	0.000000	0.021266	0.306594	0.146170	0.484228	0.001439	0.006219	0.006645	0.011770	0.000000	0.975366	0.021669	0.058076	0.110961	0.018089	0.791205	0.401757	0.305612	0.219630	0.073000	0.000000
0.711455	0.169554	0.110084	0.008907	0.000000	0.021266	0.306594	0.146170	0.484228	0.001439	0.006219	0.006645	0.011770	0.000000	0.975366	0.021669	0.058076	0.110961	0.018089	0.791205	0.401757	0.305612	0.219630	0.073000	0.000000
0.711455	0.169554	0.110084	0.008907	0.000000	0.021266	0.306594	0.146170	0.484228	0.001439	0.006219	0.006645	0.011770	0.000000	0.975366	0.021669	0.058076	0.110961	0.018089	0.791205	0.401757	0.305612	0.219630	0.073000	0.000000
0.711455	0.169554	0.110084	0.008907	0.000000	0.021266	0.306594	0.146170	0.484228	0.001439	0.006219	0.006645	0.011770	0.000000	0.975366	0.021669	0.058076	0.110961	0.018089	0.791205	0.401757	0.305612	0.219630	0.073000	0.000000
0.711455	0.169554	0.110084	0.008907	0.000000	0.021266	0.306594	0.146170	0.484228	0.001439	0.006219	0.006645	0.011770	0.000000	0.975366	0.021669	0.058076	0.110961	0.018089	0.791205	0.401757	0.305612	0.219630	0.073000	0.000000
0.000000	0.000000	0.000000	0.000000	0.000000	0.000000	0.000000	0.000000	1.000000	0.000000	0.000000	0.000000	0.000000	0.000000	0.000000	0.000000	0.000000	0.000000	0.000000	0.000000	0.000000	0.000000	0.000000	1.000000	0.000000
0.711455	0.169554	0.110084	0.008907	0.000000	0.021266	0.306594	0.146170	0.484228	0.001439	0.006219	0.006645	0.011770	0.000000	0.975366	0.021669	0.058076	0.110961	0.018089	0.791205	0.401757	0.305612	0.219630	0.073000	0.000000
0.000000	0.702598	0.297402	0.000000	0.000000	0.000000	0.482118	0.285656	0.232226	0.000000	0.000000	0.000000	0.000000	0.000000	0.000000	0.000000	0.000000	0.000000	0.000000	0.000000	0.000000	0.353649	0.486778	0.159573	0.000000
0.000000	0.708456	0.291544	0.000000	0.000000	0.237880	0.332609	0.000000	0.429512	0.000000	0.000000	0.000000	0.000000	0.000000	0.000000	0.000000	1.000000	0.000000	0.000000	0.000000	0.000000	0.019279	0.743025	0.237696	0.000000
0.503716	0.455037	0.033385	0.007862	0.000000	0.000000	0.117582	0.098139	0.780303	0.003975	0.000000	0.000000	0.000000	0.000000	0.000000	0.000000	0.044313	0.352707	0.000000	0.602981	0.000000	0.026519	0.695473	0.278008	0.000000
0.711455	0.169554	0.110084	0.008907	0.000000	0.021266	0.306594	0.146170	0.484228	0.001439	0.006219	0.006645	0.011770	0.000000	0.975366	0.021669	0.058076	0.110961	0.018089	0.791205	0.401757	0.305612	0.219630	0.073000	0.000000
0.711455	0.169554	0.110084	0.008907	0.000000	0.021266	0.306594	0.146170	0.484228	0.001439	0.006219	0.006645	0.011770	0.000000	0.975366	0.021669	0.058076	0.110961	0.018089	0.791205	0.401757	0.305612	0.219630	0.073000	0.000000
0.000000	0.000000	0.000000	0.000000	0.000000	0.000000	0.000000	0.000000	0.000000	0.000000	0.000000	0.000000	0.000000	0.000000	0.000000	0.000000	0.000000	0.000000	0.000000	0.000000	0.000000	0.000000	0.000000	1.000000	0.000000
0.711455	0.169554	0.110084	0.008907	0.000000	0.021266	0.306594	0.146170	0.484228	0.001439	0.006219	0.006645	0.011770	0.000000	0.975366	0.021669	0.058076	0.110961	0.018089	0.791205	0.401757	0.305612	0.219630	0.073000	0.000000
0.000000	0.000000	0.000000	0.000000	0.000000	0.000000	0.000000	0.000000	0.000000	0.000000	0.000000	0.000000	0.000000	0.000000	0.000000	0.000000	0.000000	0.000000	0.000000	0.000000	0.000000	0.000000	0.667243	0.332757	0.000000
0.000000	1.000000	0.000000	0.000000	0.000000	0.000000	0.000000	0.000000	1.000000	0.000000	0.000000	0.000000	0.000000	0.000000	0.000000	0.000000	0.000000	0.000000	0.000000	0.000000	0.000000	0.000000	1.000000	0.000000	0.000000
0.679304	0.000000	0.320696	0.000000	0.000000	0.000000	0.000000	0.092535	0.907465	0.000000	0.000000	0.000000	0.000000	0.000000	0.000000	0.000000	0.000000	0.378854	0.000000	0.621146	0.000000	0.000000	0.603307	0.396693	0.000000
0.000000	0.000000	0.000000	0.000000	0.000000	0.000000	0.000000	0.000000	1.000000	0.000000	0.000000	0.000000	0.000000	0.000000	0.000000	0.000000	0.000000	1.000000	0.000000	0.000000	0.000000	0.000000	0.940338	0.059662	0.000000
0.000000	0.000000	0.000000	0.000000	0.000000	0.000000	0.000000	0.000000	0.000000	0.000000	0.000000	0.000000	0.000000	0.000000	0.000000	0.000000	0.000000	0.000000	0.000000	0.000000	0.000000	0.000000	1.000000	0.000000	0.000000
0.000000	0.000000	0.000000	0.000000	0.000000	0.000000	0.000000	0.064317	0.935683	0.000000	0.000000	0.000000	0.000000	0.000000	0.000000	0.000000	0.000000	0.000000	0.000000	0.000000	0.000000	0.000000	1.000000	0.000000	0.000000
0.711455	0.169554	0.110084	0.008907	0.000000	0.021266	0.306594	0.146170	0.484228	0.001439	0.006219	0.006645	0.011770	0.000000	0.975366	0.021669	0.058076	0.110961	0.018089	0.791205	0.401757	0.305612	0.219630	0.073000	0.000000
0.711455	0.169554	0.110084	0.008907	0.000000	0.021266	0.306594	0.146170	0.484228	0.001439	0.006219	0.006645	0.011770	0.000000	0.975366	0.021669	0.058076	0.110961	0.018089	0.791205	0.401757	0.305612	0.219630	0.073000	0.000000
0.000000	0.000000	0.000000	0.000000	0.000000	0.000000	0.000000	0.000000	1.000000	0.000000	0.000000	0.000000	0.000000	0.000000	0.000000	0.000000	0.000000	0.000000	0.000000	0.000000	0.000000	0.000000	0.000000	1.000000	0.000000
0.711455	0.169554	0.110084	0.008907	0.000000	0.021266	0.306594	0.146170	0.484228	0.001439	0.006219	0.006645	0.011770	0.000000	0.975366	0.021669	0.058076	0.110961	0.018089	0.791205	0.401757	0.305612	0.219630	0.073000	0.000000
0.000000	0.000000	0.000000	0.000000	0.000000	0.000000	0.000000	0.000000	0.000000	0.000000	0.000000	0.000000	0.000000	0.000000	0.000000	0.000000	0.000000	0.000000	0.000000	0.000000	0.000000	0.000000	1.000000	0.000000	0.000000
0.000000	0.000000	0.000000	0.000000	0.000000	0.000000	0.000000	0.000000	1.000000	0.000000	0.000000	0.000000	0.000000	0.000000	0.000000	0.000000	0.000000	0.000000	0.000000	0.000000	0.000000	0.000000	1.000000	0.000000	0.000000
0.000000	0.000000	0.000000	0.000000	0.000000	0.000000	0.000000	0.591584	0.408416	0.000000	0.000000	0.000000	0.000000	0.000000	0.000000	0.000000	0.000000	0.000000	0.000000	0.000000	0.000000	0.000000	0.469778	0.530222	0.000000
0.000000	0.000000	0.000000	0.000000	0.000000	0.000000	0.000000	0.000000	0.000000	0.000000	0.000000	0.000000	0.000000	0.000000	0.000000	0.000000	0.000000	0.000000	0.000000	0.000000	0.000000	0.000000	1.000000	0.000000	0.000000
1.000000	0.000000	0.000000	0.000000	0.000000	0.000000	1.000000	0.000000	0.000000	0.000000	0.000000	0.000000	0.000000	0.000000	0.000000	0.000000	0.000000	0.000000	0.000000	1.000000	0.000000	0.865112	0.134888	0.000000	0.000000
0.711455	0.169554	0.110084	0.008907	0.000000	0.021266	0.306594	0.146170	0.484228	0.001439	0.006219	0.006645	0.011770	0.000000	0.975366	0.021669	0.058076	0.110961	0.018089	0.791205	0.401757	0.305612	0.219630	0.073000	0.000000
0.711455	0.169554	0.110084	0.008907	0.000000	0.021266	0.306594	0.146170	0.484228	0.001439	0.006219	0.006645	0.011770	0.000000	0.975366	0.021669	0.058076	0.110961	0.018089	0.791205	0.401757	0.305612	0.219630	0.073000	0.000000
0.051921	0.456586	0.491493	0.000000	0.000000	0.020956	0.067994	0.000966	0.873506	0.036579	0.000000	0.000000	0.000000	0.000000	1.000000	0.006289	0.338336	0.655375	0.000000	0.000000	0.039922	0.178228	0.398271	0.383579	0.000000
0.711455	0.169554	0.110084	0.008907	0.000000	0.021266	0.306594	0.146170	0.484228	0.001439	0.006219	0.006645	0.011770	0.000000	0.975366	0.021669	0.058076	0.110961	0.018089	0.791205	0.401757	0.305612	0.219630	0.073000	0.000000
0.711455	0.169554	0.110084	0.008907	0.000000	0.021266	0.306594	0.146170	0.484228	0.001439	0.006219	0.006645	0.011770	0.000000	0.975366	0.021669	0.058076	0.110961	0.018089	0.791205	0.401757	0.305612	0.219630	0.073000	0.000000
0.711455	0.169554	0.110084	0.008907	0.000000	0.021266	0.306594	0.146170	0.484228	0.001439	0.006219	0.006645	0.011770	0.000000	0.975366	0.021669	0.058076	0.110961	0.018089	0.791205	0.401757	0.305612	0.219630	0.073000	0.000000
0.000000	0.000000	0.000000	0.000000	0.000000	0.000000	0.000000	0.000000	0.000000	1.000000	0.000000	0.000000	0.000000	0.000000	0.000000	0.000000	0.000000	0.000000	0.000000	0.000000	0.000000	0.000000	0.000000	0.000000	0.000000
0.711455	0.169554	0.110084	0.008907	0.000000	0.021266	0.306594	0.146170	0.484228	0.001439	0.006219	0.006645	0.011770	0.000000	0.975366	0.021669	0.058076	0.110961	0.018089	0.791205	0.401757	0.305612	0.219630	0.073000	0.000000
0.711455	0.169554	0.110084	0.008907	0.000000	0.021266	0.306594	0.146170	0.484228	0.001439	0.006219	0.006645	0.011770	0.000000	0.975366	0.021669	0.058076	0.110961	0.018089	0.791205	0.401757	0.305612	0.219630	0.073000	0.000000
0.711455	0.169554	0.110084	0.008907	0.000000	0.021266	0.306594	0.146170	0.484228	0.001439	0.006219	0.006645	0.011770	0.000000	0.975366	0.021669	0.058076	0.110961	0.018089	0.791205	0.401757	0.305612	0.219630	0.073000	0.000000
0.000000	0.000000	1.000000	0.000000	0.000000	0.000000	0.639024	0.000000	0.360976	0.000000	0.000000	0.000000	0.000000	0.000000	0.000000	0.000000	0.000000	0.000000	0.000000	0.000000	0.000000	0.139772	0.068609	0.791619	0.000000
0.711455	0.169554	0.110084	0.008907	0.000000	0.021266	0.306594	0.146170	0.484228	0.001439	0.006219	0.006645	0.011770	0.000000	0.975366	0.021669	0.058076	0.110961	0.018089	0.791205	0.401757	0.305612	0.219630	0.073000	0.000000
0.000000	0.000000	0.000000	0.000000	0.000000	0.000000	1.000000	0.000000	0.000000	0.000000	0.000000	0.000000	0.000000	0.000000	0.000000	0.000000	0.000000	0.000000	0.000000	0.000000	0.000000	0.000000	0.000000	0.000000	0.000000
1.000000	0.000000	0.000000	0.000000	0.000000	0.000000	0.678231	0.000000	0.321769	0.000000	0.000000	0.000000	0.000000	0.000000	0.000000	0.000000	0.000000	0.000000	0.000000	0.000000	0.000000	0.000000	0.000000	0.000000	0.000000
0.505281	0.000000	0.494719	0.000000	0.000000	0.000000	0.084087	0.134327	0.772415	0.009171	0.000000	0.000000	0.000000	0.000000	1.000000	0.012342	0.020083	0.000000	0.000000	0.967576	0.258246	0.189045	0.480416	0.072294	0.000000
0.000000	0.000000	0.000000	0.000000	0.000000	0.000000	0.000000	0.000000	0.000000	0.000000	0.000000	0.000000	0.000000	0.000000	0.000000	0.000000	0.000000	0.000000	0.000000	0.000000	0.000000	0.000000	0.610666	0.389334	0.000000
0.711455	0.169554	0.110084	0.008907	0.000000	0.021266	0.306594	0.146170	0.484228	0.001439	0.006219	0.006645	0.011770	0.000000	0.975366	0.021669	0.058076	0.110961	0.018089	0.791205	0.401757	0.305612	0.219630	0.073000	0.000000
0.711455	0.169554	0.110084	0.008907	0.000000	0.021266	0.306594	0.146170	0.484228	0.001439	0.006219	0.006645	0.011770	0.000000	0.975366	0.021669	0.058076	0.110961	0.018089	0.791205	0.401757	0.305612	0.219630	0.073000	0.000000
0.711455	0.169554	0.110084	0.008907	0.000000	0.021266	0.306594	0.146170	0.484228	0.001439	0.006219	0.006645	0.011770	0.000000	0.975366	0.021669	0.058076	0.110961	0.018089	0.791205	0.401757	0.305612	0.219630	0.073000	0.000000
0.711455	0.169554	0.110084	0.008907	0.000000	0.021266	0.306594	0.146170	0.484228	0.001439	0.006219	0.006645	0.011770	0.000000	0.975366	0.021669	0.058076	0.110961	0.018089	0.791205	0.401757	0.305612	0.219630	0.073000	0.000000
1.000000	0.000000	0.000000	0.000000	0.000000	0.000000	0.000000	0.000740	0.594387	0.404873	0.000000	0.000000	0.000000	0.000000	0.000000	0.000000	0.006110	0.993890	0.000000	0.000000	0.000000	0.000000	0.994100	0.005900	0.000000
0.711455	0.169554	0.110084	0.008907	0.000000	0.021266	0.306594	0.146170	0.484228	0.001439	0.006219	0.006645	0.011770	0.000000	0.975366	0.021669	0.058076	0.110961	0.018089	0.791205	0.401757	0.305612	0.219630	0.073000	0.000000
0.711455	0.169554	0.110084	0.008907	0.000000	0.021266	0.306594	0.146170	0.484228	0.001439	0.006219	0.006645	0.011770	0.000000	0.975366	0.021669	0.058076	0.110961	0.018089	0.791205	0.401757	0.305612	0.219630	0.073000	0.000000
0.711455	0.169554	0.110084	0.008907	0.000000	0.021266	0.306594	0.146170	0.484228	0.001439	0.006219	0.006645	0.011770	0.000000	0.975366	0.021669	0.058076	0.110961	0.018089	0.791205	0.401757	0.305612	0.219630	0.073000	0.000000
0.711455	0.169554	0.110084	0.008907	0.000000	0.021266	0.306594	0.146170	0.484228	0.001439	0.006219	0.006645	0.011770	0.000000	0.975366	0.021669	0.058076	0.110961	0.018089	0.791205	0.401757	0.305612	0.219630	0.073000	0.000000
0.711455	0.169554	0.110084	0.008907	0.000000	0.021266	0.306594	0.146170	0.484228	0.001439	0.006219	0.006645	0.011770	0.000000	0.975366	0.021669	0.058076	0.110961	0.018089	0.791205	0.401757	0.305612	0.219630	0.073000	0.000000
0.711455	0.169554	0.110084	0.008907	0.000000	0.021266	0.306594	0.146170	0.484228	0.001439	0.006219	0.006645	0.011770	0.000000	0.975366	0.021669	0.058076	0.110961	0.018089	0.791205	0.401757	0.305612	0.219630	0.073000	0.000000
0.711455	0.169554	0.110084	0.008907	0.000000	0.021266	0.306594	0.146170	0.484228	0.001439	0.006219	0.006645	0.011770	0.000000	0.975366	0.021669	0.058076	0.110961	0.018089	0.791205	0.401757	0.305612	0.219630	0.073000	0.000000
0.711455	0.169554	0.110084	0.008907	0.000000	0.021266	0.306594	0.146170	0.484228	0.001439	0.006219	0.006645	0.011770	0.000000	0.975366	0.021669	0.058076	0.110961	0.018089	0.791205	0.401757	0.305612	0.219630	0.073000	0.000000
0.639366	0.026493	0.265062	0.069079	0.000000	0.000000	0.064811	0.329955	0.501826	0.103408	1.000000	0.000000	0.000000	0.000000	0.000000	0.104424	0.497586	0.288028	0.000000	0.109961	0.000000	0.060366	0.158375	0.781259	0.000000
0.711455	0.169554	0.110084	0.008907	0.000000	0.021266	0.306594	0.146170	0.484228	0.001439	0.006219	0.006645	0.011770	0.000000	0.975366	0.021669	0.058076	0.110961	0.018089	0.791205	0.401757	0.305612	0.219630	0.073000	0.000000
0.711455	0.169554	0.110084	0.008907	0.000000	0.021266	0.306594	0.146170	0.484228	0.001439	0.006219	0.006645	0.011770	0.000000	0.975366	0.021669	0.058076	0.110961	0.018089	0.791205	0.401757	0.305612	0.219630	0.073000	0.000000
0.000000	0.000000	0.000000	0.000000	0.000000	0.000000	0.000000	1.000000	0.000000	0.000000	0.000000	0.000000	0.000000	0.000000	0.000000	0.000000	0.000000	0.000000	0.000000	0.000000	0.000000	0.010688	0.710659	0.278652	0.000000
0.711455	0.169554	0.110084	0.008907	0.000000	0.021266	0.306594	0.146170	0.484228	0.001439	0.006219	0.006645	0.011770	0.000000	0.975366	0.021669	0.058076	0.110961	0.018089	0.791205	0.401757	0.305612	0.219630	0.073000	0.000000
0.711455	0.169554	0.110084	0.008907	0.000000	0.021266	0.306594	0.146170	0.484228	0.001439	0.006219	0.006645	0.011770	0.000000	0.975366	0.021669	0.058076	0.110961	0.018089	0.791205	0.401757	0.305612	0.219630	0.073000	0.000000
0.711455	0.169554	0.110084	0.008907	0.000000	0.021266	0.306594	0.146170	0.484228	0.001439	0.006219	0.006645	0.011770	0.000000	0.975366	0.021669	0.058076	0.110961	0.018089	0.791205	0.401757	0.305612	0.219630	0.073000	0.000000
0.711455	0.169554	0.110084	0.008907	0.000000	0.021266	0.306594	0.146170	0.484228	0.001439	0.006219	0.006645	0.011770	0.000000	0.975366	0.021669	0.058076	0.110961	0.018089	0.791205	0.401757	0.305612	0.219630	0.073000	0.000000
0.711455	0.169554	0.110084	0.008907	0.000000	0.021266	0.306594	0.146170	0.484228	0.001439	0.006219	0.006645	0.011770	0.000000	0.975366	0.021669	0.058076	0.110961	0.018089	0.791205	0.401757	0.305612	0.219630	0.073000	0.000000
0.711455	0.169554	0.110084	0.008907	0.000000	0.021266	0.306594	0.146170	0.484228	0.001439	0.006219	0.006645	0.011770	0.000000	0.975366	0.021669	0.058076	0.110961	0.018089	0.791205	0.401757	0.305612	0.219630	0.073000	0.000000
0.711455	0.169554	0.110084	0.008907	0.000000	0.021266	0.306594	0.146170	0.484228	0.001439	0.006219	0.006645	0.011770	0.000000	0.975366	0.021669	0.058076	0.110961	0.018089	0.791205	0.401757	0.305612	0.219630	0.073000	0.000000
0.711455	0.169554	0.110084	0.008907	0.000000	0.021266	0.306594	0.146170	0.484228	0.001439	0.006219	0.006645	0.011770	0.000000	0.975366	0.021669	0.058076	0.110961	0.018089	0.791205	0.401757	0.305612	0.219630	0.073000	0.000000
0.000000	0.000000	0.000000	0.000000	0.000000	0.000000	0.000000	0.000000	0.000000	0.000000	0.000000	0.000000	0.000000	0.000000	0.000000	0.000000	0.000000	0.000000	0.000000	0.000000	0.000000	0.000000	1.000000	0.000000	0.000000
0.711455	0.169554	0.110084	0.008907	0.000000	0.021266	0.306594	0.146170	0.484228	0.001439	0.006219	0.006645	0.011770	0.000000	0.975366	0.021669	0.058076	0.110961	0.018089	0.791205	0.401757	0.305612	0.219630	0.073000	0.000000
0.711455	0.169554	0.110084	0.008907	0.000000	0.021266	0.306594	0.146170	0.484228	0.001439	0.006219	0.006645	0.011770	0.000000	0.975366	0.021669	0.058076	0.110961	0.018089	0.791205	0.401757	0.305612	0.219630	0.073000	0.000000
0.000000	0.000000	0.945704	0.054296	0.000000	0.000000	0.129348	0.360969	0.412615	0.097068	0.000000	0.000000	0.000000	0.000000	1.000000	0.000000	0.000000	0.925493	0.000000	0.074507	0.039496	0.338441	0.507174	0.114889	0.000000
0.000000	0.000000	0.000000	0.000000	0.000000	0.000000	0.000000	0.000000	0.752808	0.247192	0.000000	0.000000	0.000000	0.000000	0.000000	0.000000	0.000000	0.000000	0.000000	0.000000	0.000000	0.012948	0.721210	0.265842	0.000000
0.604190	0.241125	0.112844	0.041841	0.000000	0.000000	0.043149	0.212546	0.733499	0.010807	0.000000	0.000000	0.000000	0.000000	1.000000	0.000000	0.207606	0.669623	0.043822	0.078948	0.010422	0.636670	0.258601	0.094307	0.000000
0.711455	0.169554	0.110084	0.008907	0.000000	0.021266	0.306594	0.146170	0.484228	0.001439	0.006219	0.006645	0.011770	0.000000	0.975366	0.021669	0.058076	0.110961	0.018089	0.791205	0.401757	0.305612	0.219630	0.073000	0.000000
0.000000	0.000000	0.000000	0.000000	0.000000	0.000000	0.997814	0.000000	0.000000	0.002186	0.000000	0.000000	0.000000	0.000000	0.000000	0.000000	0.000000	0.000000	0.000000	0.000000	0.000000	0.935658	0.064342	0.000000	0.000000
0.635052	0.250840	0.112507	0.001601	0.000000	0.006888	0.320273	0.078394	0.582570	0.011874	0.001220	0.000000	0.000000	0.000000	0.998780	0.244146	0.347164	0.339931	0.041841	0.026919	0.515436	0.284322	0.116461	0.083781	0.000000
0.000000	0.000000	0.000000	1.000000	0.000000	0.000000	0.000000	0.023598	0.968665	0.007737	0.000000	0.000000	0.000000	0.000000	0.000000	0.000000	0.008221	0.064286	0.927493	0.000000	0.213879	0.048321	0.466599	0.271200	0.000000
0.375224	0.369532	0.255244	0.000000	0.000000	0.010903	0.058920	0.340310	0.583470	0.006396	0.000000	0.000000	0.000000	0.000000	0.000000	0.000000	0.000000	0.044756	0.000000	0.955244	0.188932	0.243711	0.472377	0.094980	0.000000
0.411684	0.174595	0.407792	0.005929	0.000000	0.000000	0.147826	0.150033	0.701119	0.001022	1.000000	0.000000	0.000000	0.000000	0.000000	0.000000	0.013939	0.202399	0.011151	0.772511	0.151333	0.500011	0.232494	0.116162	0.000000
0.021328	0.446329	0.530352	0.001990	0.000000	0.116399	0.575593	0.124632	0.180051	0.003325	0.000000	0.000000	0.000000	0.000000	1.000000	0.004337	0.045799	0.227523	0.000000	0.722341	0.271679	0.389282	0.293753	0.045286	0.000000
0.800642	0.144291	0.052272	0.002794	0.000000	0.025639	0.443766	0.149548	0.352624	0.028423	0.001306	0.007125	0.005018	0.000000	0.986550	0.020730	0.068532	0.062970	0.010973	0.836795	0.502933	0.299590	0.162184	0.035293	0.000000
0.711455	0.169554	0.110084	0.008907	0.000000	0.021266	0.306594	0.146170	0.484228	0.001439	0.006219	0.006645	0.011770	0.000000	0.975366	0.021669	0.058076	0.110961	0.018089	0.791205	0.401757	0.305612	0.219630	0.073000	0.000000
0.711455	0.169554	0.110084	0.008907	0.000000	0.021266	0.306594	0.146170	0.484228	0.001439	0.006219	0.006645	0.011770	0.000000	0.975366	0.021669	0.058076	0.110961	0.018089	0.791205	0.401757	0.305612	0.219630	0.073000	0.000000
0.000000	0.284170	0.715830	0.000000	0.000000	0.000000	0.362717	0.080099	0.540600	0.016583	0.000000	0.000000	0.000000	0.000000	0.000000	0.089147	0.910853	0.000000	0.000000	0.000000	0.020792	0.162461	0.235886	0.580862	0.000000
0.711455	0.169554	0.110084	0.008907	0.000000	0.021266	0.306594	0.146170	0.484228	0.001439	0.006219	0.006645	0.011770	0.000000	0.975366	0.021669	0.058076	0.110961	0.018089	0.791205	0.401757	0.305612	0.219630	0.073000	0.000000
0.000000	0.765257	0.234743	0.000000	0.000000	0.000000	0.724683	0.062614	0.209890	0.002813	0.000000	0.000000	0.000000	0.000000	0.000000	0.000000	0.059297	0.508274	0.290310	0.142120	0.000000	0.187960	0.713070	0.098971	0.000000
0.389236	0.484577	0.125348	0.000838	0.000000	0.000000	0.157786	0.118592	0.686235	0.037387	0.179193	0.000000	0.000000	0.000000	0.820807	0.014277	0.106664	0.205977	0.004922	0.668159	0.015100	0.158688	0.544610	0.281603	0.000000
0.852199	0.050452	0.061564	0.035785	0.000000	0.002965	0.188763	0.098268	0.612079	0.097924	0.002572	0.014345	0.040887	0.000000	0.942196	0.041566	0.060032	0.107308	0.004979	0.786114	0.491148	0.207958	0.232969	0.067925	0.000000
0.215490	0.784510	0.000000	0.000000	0.000000	0.000000	0.000000	0.030291	0.929504	0.040205	0.000000	0.000000	0.000000	0.000000	0.000000	0.000000	0.119388	0.109509	0.000000	0.771103	0.005898	0.099418	0.666277	0.228407	0.000000
