13	8	15	34	25	30	33	29	3	1	0	0	3	9	13	12	10	17	8	2	2	13	31	4	4	14	3	0	3
6	2	9	15	16	24	9	14	8	3	0	0	2	6	13	7	20	6	7	0	1	13	22	6	2	13	7	1	2
5	7	2	29	16	20	11	29	25	14	9	9	10	15	16	24	29	26	22	3	6	34	45	1	9	34	12	2	3
1	1	6	10	9	8	22	31	23	18	6	7	13	13	26	11	15	10	13	9	1	7	12	1	3	10	4	0	0
32	18	14	28	80	34	76	92	61	39	58	69	44	93	142	71	58	53	42	36	30	34	62	37	30	107	40	12	6
0	0	0	0	0	0	0	0	0	0	0	0	0	0	0	0	0	0	0	0	0	0	0	0	0	0	0	0	0
0	1	0	0	0	0	0	3	0	0	1	0	0	3	4	2	7	3	0	0	0	6	5	0	4	8	5	0	0
0	0	0	0	3	0	8	8	4	3	2	1	7	2	9	4	14	5	6	2	1	3	7	0	0	4	1	0	0
27	14	13	25	75	33	66	80	50	36	45	56	28	57	87	41	37	42	33	25	21	25	48	26	17	69	21	8	3
0	1	1	1	4	1	5	9	5	3	3	7	2	17	29	10	14	16	6	2	12	15	24	16	8	35	12	4	1
0	1	0	0	1	0	0	0	0	0	0	1	2	0	0	0	0	2	0	0	0	0	0	0	0	0	0	1	1
0	0	0	0	0	0	0	0	0	0	0	0	2	0	1	0	3	0	0	0	0	0	0	0	0	0	0	0	0
0	0	0	0	0	0	0	0	0	0	0	0	0	0	1	3	0	1	2	2	0	0	2	0	0	0	0	2	0
0	0	0	0	0	0	0	0	0	0	0	0	0	0	0	0	0	2	1	1	2	2	3	2	6	7	1	4	7
0	0	0	0	0	0	0	0	0	0	0	0	0	0	0	0	0	0	0	0	0	0	0	0	0	0	0	0	0
5	10	7	5	5	5	6	5	11	6	3	9	5	10	7	8	12	14	20	15	9	13	14	11	10	16	14	10	5
3	3	3	2	3	1	8	7	4	2	0	3	6	7	16	7	6	3	9	3	6	7	11	5	6	5	0	1	0
0	0	0	2	1	1	4	2	0	0	1	0	1	4	1	0	0	1	1	1	2	3	8	1	0	1	1	0	0
0	0	0	0	1	0	2	1	2	0	0	2	3	7	0	1	0	0	0	0	1	0	2	1	0	0	0	0	0
0	0	0	0	0	0	5	5	4	1	2	7	6	4	6	3	0	0	0	0	2	2	5	0	0	0	0	1	0
20	18	24	20	7	11	10	3	2	3	2	0	14	8	19	67	69	44	25	93	78	33	18	29	49	14	17	6	5
14	19	38	30	3	33	24	9	1	3	7	2	17	32	8	76	127	74	69	96	118	50	2	6	15	9	11	31	21
29	20	34	33	19	16	10	10	2	2	2	2	11	29	9	47	104	80	72	71	96	67	15	17	38	15	9	35	18
75	108	168	123	99	135	100	80	28	24	37	14	63	212	107	209	290	233	151	171	122	73	21	31	40	21	11	19	22
0	0	0	0	0	0	0	0	0	0	0	0	0	0	0	0	0	0	0	0	0	0	0	0	0	0	0	0	0
