422.147	447.453	450.578	457.953	508.923	546.121	556.542	599.465	640.930	671.183	712.251	761.821	790.782	806.752	927.082	999.954	1112.988	1184.548	1219.829	1137.354	1142.111	1213.168	1274.742	1299.734	1180.900	1225.705	1227.272	1316.071	1363.138	1305.410	1299.279	1301.637	1308.389	1317.949	1329.503	1342.569	1356.832	1372.073	1388.133	1404.891	1422.254	1440.148	1458.513	1477.299	1496.464	1515.974	1535.798	1555.911	1576.290	1596.916	1617.770	1638.838	1660.106	1681.561	1703.193
422.147	447.453	450.578	457.953	508.923	546.121	556.542	599.465	640.930	671.183	712.251	761.821	790.782	806.752	927.082	999.954	1112.988	1184.548	1219.829	1137.354	1142.111	1213.168	1274.742	1299.734	1180.900	1225.705	1227.272	1316.071	1363.138	1335.898	1342.396	1354.444	1369.365	1386.122	1404.183	1423.233	1443.066	1463.537	1484.544	1506.008	1527.868	1550.074	1572.589	1595.378	1618.416	1641.679	1665.148	1688.806	1712.637	1736.630	1760.772	1785.054	1809.466	1834.002	1858.652
422.147	447.453	450.578	457.953	508.923	546.121	556.542	599.465	640.930	671.183	712.251	761.821	790.782	806.752	927.082	999.954	1112.988	1184.548	1219.829	1137.354	1142.111	1213.168	1274.742	1299.734	1180.900	1225.705	1227.272	1316.071	1363.138	1393.492	1423.845	1454.198	1484.551	1514.904	1545.257	1575.611	1605.964	1636.317	1666.670	1697.023	1727.377	1757.730	1788.083	1818.436	1848.789	1879.142	1909.496	1939.849	1970.202	2000.555	2030.908	2061.261	2091.615	2121.968	2152.321
422.147	447.453	450.578	457.953	508.923	546.121	556.542	599.465	640.930	671.183	712.251	761.821	790.782	806.752	927.082	999.954	1112.988	1184.548	1219.829	1137.354	1142.111	1213.168	1274.742	1299.734	1180.900	1225.705	1227.272	1316.071	1363.138	1451.085	1505.294	1553.952	1599.738	1643.687	1686.332	1727.988	1768.862	1809.097	1848.796	1888.039	1926.885	1965.385	2003.577	2041.494	2079.162	2116.605	2153.843	2190.892	2227.767	2264.481	2301.045	2337.469	2373.763	2409.934	2445.990
422.147	447.453	450.578	457.953	508.923	546.121	556.542	599.465	640.930	671.183	712.251	761.821	790.782	806.752	927.082	999.954	1112.988	1184.548	1219.829	1137.354	1142.111	1213.168	1274.742	1299.734	1180.900	1225.705	1227.272	1316.071	1363.138	1481.573	1548.411	1606.759	1660.714	1711.860	1761.012	1808.652	1855.095	1900.561	1945.208	1989.156	2032.499	2075.311	2117.653	2159.573	2201.114	2242.311	2283.193	2323.786	2364.113	2404.194	2444.046	2483.684	2523.123	2562.374	2601.449
166.217	172.883	169.981	160.136	172.384	170.655	165.455	167.158	171.630	179.748	177.209	189.473	196.244	185.286	228.292	218.276	225.165	258.866	256.159	245.513	245.690	257.907	268.887	270.177	250.913	266.585	265.421	264.303	285.389	260.532	260.494	260.907	261.637	262.604	263.759	265.066	266.499	268.041	269.676	271.393	273.182	275.036	276.948	278.913	280.926	282.983	285.081	287.216	289.386	291.589	293.823	296.084	298.373	300.687	303.025
166.217	172.883	169.981	160.136	172.384	170.655	165.455	167.158	171.630	179.748	177.209	189.473	196.244	185.286	228.292	218.276	225.165	258.866	256.159	245.513	245.690	257.907	268.887	270.177	250.913	266.585	265.421	264.303	285.389	268.279	269.503	271.023	272.749	274.631	276.635	278.738	280.925	283.182	285.500	287.872	290.291	292.752	295.251	297.785	300.351	302.945	305.565	308.211	310.879	313.568	316.278	319.006	321.752	324.514	327.292
166.217	172.883	169.981	160.136	172.384	170.655	165.455	167.158	171.630	179.748	177.209	189.473	196.244	185.286	228.292	218.276	225.165	258.866	256.159	245.513	245.690	257.907	268.887	270.177	250.913	266.585	265.421	264.303	285.389	282.914	286.523	290.132	293.740	297.349	300.958	304.567	308.175	311.784	315.393	319.001	322.610	326.219	329.827	333.436	337.045	340.653	344.262	347.871	351.480	355.088	358.697	362.306	365.914	369.523	373.132
166.217	172.883	169.981	160.136	172.384	170.655	165.455	167.158	171.630	179.748	177.209	189.473	196.244	185.286	228.292	218.276	225.165	258.866	256.159	245.513	245.690	257.907	268.887	270.177	250.913	266.585	265.421	264.303	285.389	297.549	303.543	309.241	314.732	320.068	325.281	330.395	335.426	340.386	345.285	350.131	354.929	359.685	364.403	369.087	373.739	378.362	382.959	387.531	392.080	396.608	401.116	405.605	410.077	414.532	418.972
166.217	172.883	169.981	160.136	172.384	170.655	165.455	167.158	171.630	179.748	177.209	189.473	196.244	185.286	228.292	218.276	225.165	258.866	256.159	245.513	245.690	257.907	268.887	270.177	250.913	266.585	265.421	264.303	285.389	305.297	312.552	319.356	325.844	332.094	338.157	344.067	349.851	355.527	361.109	366.610	372.038	377.401	382.707	387.959	393.164	398.324	403.444	408.526	413.573	418.587	423.571	428.527	433.455	438.359	443.238
1567.307	1641.968	1707.606	1706.296	1745.359	1774.211	1728.363	1818.904	1964.188	1995.373	1998.091	2017.744	2023.706	1898.048	1916.721	1955.393	1960.983	1899.843	1850.744	1919.497	1969.296	2031.319	2054.186	1991.733	1840.953	1813.800	1937.778	1988.157	1958.114	1826.552	1725.360	1658.057	1603.847	1557.174	1515.565	1477.659	1442.615	1409.868	1379.019	1349.771	1321.898	1295.223	1269.603	1244.923	1221.085	1198.010	1175.628	1153.880	1132.716	1112.090	1091.964	1072.303	1053.076	1034.255	1015.817
1567.307	1641.968	1707.606	1706.296	1745.359	1774.211	1728.363	1818.904	1964.188	1995.373	1998.091	2017.744	2023.706	1898.048	1916.721	1955.393	1960.983	1899.843	1850.744	1919.497	1969.296	2031.319	2054.186	1991.733	1840.953	1813.800	1937.778	1988.157	1958.114	1866.953	1800.787	1756.780	1721.333	1690.816	1663.609	1638.824	1615.910	1594.498	1574.327	1555.202	1536.977	1519.535	1502.784	1486.646	1471.059	1455.971	1441.336	1427.116	1413.278	1399.791	1386.631	1373.776	1361.204	1348.898	1336.841
1567.307	1641.968	1707.606	1706.296	1745.359	1774.211	1728.363	1818.904	1964.188	1995.373	1998.091	2017.744	2023.706	1898.048	1916.721	1955.393	1960.983	1899.843	1850.744	1919.497	1969.296	2031.319	2054.186	1991.733	1840.953	1813.800	1937.778	1988.157	1958.114	1943.272	1943.272	1943.272	1943.272	1943.272	1943.272	1943.272	1943.272	1943.272	1943.272	1943.272	1943.272	1943.272	1943.272	1943.272	1943.272	1943.272	1943.272	1943.272	1943.272	1943.272	1943.272	1943.272	1943.272	1943.272	1943.272
1567.307	1641.968	1707.606	1706.296	1745.359	1774.211	1728.363	1818.904	1964.188	1995.373	1998.091	2017.744	2023.706	1898.048	1916.721	1955.393	1960.983	1899.843	1850.744	1919.497	1969.296	2031.319	2054.186	1991.733	1840.953	1813.800	1937.778	1988.157	1958.114	2019.590	2085.756	2129.763	2165.210	2195.727	2222.934	2247.719	2270.633	2292.045	2312.217	2331.341	2349.566	2367.008	2383.760	2399.897	2415.484	2430.572	2445.207	2459.427	2473.265	2486.752	2499.912	2512.767	2525.339	2537.645	2549.702
1567.307	1641.968	1707.606	1706.296	1745.359	1774.211	1728.363	1818.904	1964.188	1995.373	1998.091	2017.744	2023.706	1898.048	1916.721	1955.393	1960.983	1899.843	1850.744	1919.497	1969.296	2031.319	2054.186	1991.733	1840.953	1813.800	1937.778	1988.157	1958.114	2059.991	2161.183	2228.486	2282.696	2329.369	2370.978	2408.884	2443.928	2476.675	2507.524	2536.772	2564.645	2591.320	2616.940	2641.620	2665.458	2688.533	2710.915	2732.663	2753.827	2774.453	2794.579	2814.240	2833.467	2852.288	2870.726
543.707	571.426	569.162	580.352	585.768	600.876	600.488	626.678	668.390	725.394	752.184	798.621	837.323	866.623	904.593	936.921	945.286	997.589	977.064	1042.224	1098.120	1108.081	1117.252	1085.528	967.019	1010.544	1049.559	1064.814	1060.071	1013.132	1004.488	1002.143	1003.060	1006.061	1010.543	1016.146	1022.637	1029.854	1037.679	1046.023	1054.815	1064.001	1073.537	1083.385	1093.515	1103.901	1114.520	1125.353	1136.384	1147.597	1158.981	1170.523	1182.213	1194.043	1206.003
543.707	571.426	569.162	580.352	585.768	600.876	600.488	626.678	668.390	725.394	752.184	798.621	837.323	866.623	904.593	936.921	945.286	997.589	977.064	1042.224	1098.120	1108.081	1117.252	1085.528	967.019	1010.544	1049.559	1064.814	1060.071	1035.760	1036.488	1041.335	1048.315	1056.658	1065.968	1076.013	1086.638	1097.737	1109.234	1121.070	1133.199	1145.586	1158.202	1171.021	1184.025	1197.197	1210.520	1223.984	1237.577	1251.290	1265.113	1279.041	1293.065	1307.180	1321.381
543.707	571.426	569.162	580.352	585.768	600.876	600.488	626.678	668.390	725.394	752.184	798.621	837.323	866.623	904.593	936.921	945.286	997.589	977.064	1042.224	1098.120	1108.081	1117.252	1085.528	967.019	1010.544	1049.559	1064.814	1060.071	1078.504	1096.937	1115.371	1133.804	1152.237	1170.670	1189.104	1207.537	1225.970	1244.403	1262.837	1281.270	1299.703	1318.136	1336.570	1355.003	1373.436	1391.869	1410.303	1428.736	1447.169	1465.602	1484.036	1502.469	1520.902	1539.335
543.707	571.426	569.162	580.352	585.768	600.876	600.488	626.678	668.390	725.394	752.184	798.621	837.323	866.623	904.593	936.921	945.286	997.589	977.064	1042.224	1098.120	1108.081	1117.252	1085.528	967.019	1010.544	1049.559	1064.814	1060.071	1121.249	1157.387	1189.406	1219.293	1247.816	1275.372	1302.195	1328.436	1354.203	1379.573	1404.604	1429.341	1453.820	1478.071	1502.118	1525.980	1549.676	1573.218	1596.621	1619.894	1643.048	1666.091	1689.030	1711.873	1734.624	1757.290
543.707	571.426	569.162	580.352	585.768	600.876	600.488	626.678	668.390	725.394	752.184	798.621	837.323	866.623	904.593	936.921	945.286	997.589	977.064	1042.224	1098.120	1108.081	1117.252	1085.528	967.019	1010.544	1049.559	1064.814	1060.071	1143.876	1189.387	1228.598	1264.548	1298.413	1330.798	1362.061	1392.436	1422.086	1451.127	1479.651	1507.725	1535.405	1562.736	1589.754	1616.490	1642.971	1669.219	1695.252	1721.088	1746.741	1772.224	1797.548	1822.724	1847.761	1872.668
73.824	83.184	84.705	92.625	102.641	106.654	112.940	125.192	131.768	141.957	159.568	171.439	172.826	182.612	221.551	246.553	239.683	241.118	245.532	249.579	268.120	293.048	317.589	356.294	360.223	380.191	398.522	408.194	411.721	401.372	398.118	398.248	399.442	401.062	402.835	404.619	406.334	407.928	409.371	410.640	411.721	412.606	413.288	413.762	414.027	414.082	413.925	413.558	412.981	412.196	411.203	410.004	408.601	406.995	405.189
73.824	83.184	84.705	92.625	102.641	106.654	112.940	125.192	131.768	141.957	159.568	171.439	172.826	182.612	221.551	246.553	239.683	241.118	245.532	249.579	268.120	293.048	317.589	356.294	360.223	380.191	398.522	408.194	411.721	408.277	410.623	415.183	420.437	425.970	431.604	437.245	442.840	448.357	453.774	459.078	464.259	469.312	474.231	479.016	483.663	488.173	492.545	496.779	500.876	504.836	508.661	512.351	515.908	519.332	522.625
73.824	83.184	84.705	92.625	102.641	106.654	112.940	125.192	131.768	141.957	159.568	171.439	172.826	182.612	221.551	246.553	239.683	241.118	245.532	249.579	268.120	293.048	317.589	356.294	360.223	380.191	398.522	408.194	411.721	421.321	434.247	447.173	460.099	473.024	485.950	498.876	511.802	524.728	537.654	550.579	563.505	576.431	589.357	602.283	615.209	628.134	641.060	653.986	666.912	679.838	692.764	705.689	718.615	731.541	744.467
73.824	83.184	84.705	92.625	102.641	106.654	112.940	125.192	131.768	141.957	159.568	171.439	172.826	182.612	221.551	246.553	239.683	241.118	245.532	249.579	268.120	293.048	317.589	356.294	360.223	380.191	398.522	408.194	411.721	434.365	457.871	479.163	499.760	520.079	540.297	560.508	580.764	601.099	621.533	642.081	662.751	683.551	704.483	725.550	746.754	768.096	789.576	811.193	832.948	854.839	876.866	899.028	921.323	943.750	966.309
73.824	83.184	84.705	92.625	102.641	106.654	112.940	125.192	131.768	141.957	159.568	171.439	172.826	182.612	221.551	246.553	239.683	241.118	245.532	249.579	268.120	293.048	317.589	356.294	360.223	380.191	398.522	408.194	411.721	441.270	470.376	496.097	520.756	544.987	569.066	593.133	617.270	641.527	665.936	690.519	715.289	740.256	765.426	790.803	816.390	842.187	868.195	894.414	920.843	947.480	974.324	1001.375	1028.630	1056.087	1083.745
41.078	42.503	40.230	42.939	44.725	42.268	44.239	47.248	50.786	51.834	51.939	55.413	54.693	54.354	55.441	59.858	60.814	64.074	72.096	80.143	89.026	91.602	100.646	106.415	105.691	113.431	121.199	126.993	134.500	135.317	138.182	141.014	143.678	146.142	148.398	150.447	152.294	153.944	155.404	156.679	157.775	158.697	159.450	160.039	160.467	160.740	160.860	160.831	160.657	160.340	159.883	159.290	158.563	157.703	156.714
41.078	42.503	40.230	42.939	44.725	42.268	44.239	47.248	50.786	51.834	51.939	55.413	54.693	54.354	55.441	59.858	60.814	64.074	72.096	80.143	89.026	91.602	100.646	106.415	105.691	113.431	121.199	126.993	134.500	137.231	141.302	145.351	149.291	153.099	156.771	160.309	163.713	166.990	170.142	173.173	176.087	178.887	181.577	184.159	186.637	189.012	191.288	193.466	195.550	197.540	199.439	201.248	202.970	204.605	206.156
41.078	42.503	40.230	42.939	44.725	42.268	44.239	47.248	50.786	51.834	51.939	55.413	54.693	54.354	55.441	59.858	60.814	64.074	72.096	80.143	89.026	91.602	100.646	106.415	105.691	113.431	121.199	126.993	134.500	140.848	147.196	153.544	159.893	166.241	172.589	178.937	185.285	191.634	197.982	204.330	210.678	217.027	223.375	229.723	236.071	242.419	248.768	255.116	261.464	267.812	274.161	280.509	286.857	293.205	299.554
41.078	42.503	40.230	42.939	44.725	42.268	44.239	47.248	50.786	51.834	51.939	55.413	54.693	54.354	55.441	59.858	60.814	64.074	72.096	80.143	89.026	91.602	100.646	106.415	105.691	113.431	121.199	126.993	134.500	144.464	153.090	161.737	170.494	179.382	188.407	197.566	206.857	216.277	225.822	235.487	245.270	255.166	265.173	275.287	285.506	295.827	306.247	316.765	327.379	338.085	348.882	359.770	370.744	381.805	392.951
41.078	42.503	40.230	42.939	44.725	42.268	44.239	47.248	50.786	51.834	51.939	55.413	54.693	54.354	55.441	59.858	60.814	64.074	72.096	80.143	89.026	91.602	100.646	106.415	105.691	113.431	121.199	126.993	134.500	146.379	156.210	166.075	176.107	186.339	196.780	207.427	218.277	229.323	240.560	251.981	263.581	275.356	287.299	299.407	311.675	324.099	336.675	349.401	362.272	375.285	388.438	401.728	415.152	428.707	442.393
